Mon Feb 15 21:44:50 UTC 2021,$$CLIENT_1NS,191020214,1,28.480349,77.086182,210215214444,A,19,0,24397324,61,17,0.67,0,0,72,0,1,0,0,0,0,1,1,0,0,1,1,1,0,0,0,0,0,0,0,0,0,0,0,0,0,0,0,0,0,0,0,16781,3917,*0F
Mon Feb 15 21:44:50 UTC 2021,$$CLIENT_1NS,191020214,1,28.480345,77.086182,210215214444,A,19,56,24397324,61,17,0.67,0,0,72,1,1,0,0,0,0,1,0,0,0,1,1,1,0,0,0,0,0,0,0,0,0,0,0,0,0,0,0,0,0,0,0,23781,3917,*0F
Mon Feb 15 21:44:50 UTC 2021,$$CLIENT_1NS,191020214,1,28.480352,77.085991,210215214444,A,19,3,24397324,61,17,0.67,0,0,72,0,1,0,0,0,0,0,1,0,0,1,1,1,1,0,1,0,0,0,0,0,0,0,0,0,0,0,0,0,0,0,0,13781,3917,*0F
Mon Feb 15 21:44:50 UTC 2021,$$CLIENT_1ZF,191020214,1,28.48032,77.085876,180322165542,A,23,45,57478,263,11,0.82,0,0,21,1,0,0,0,0,0,0,0,0,0,1,1,0,0,0,0,0,0,0,0,0,0,0,0,0,0,0,0,1,0,0,0,13996,4014,*01
Mon Feb 15 21:44:50 UTC 2021,$$CLIENT_1ZF,191020214,1,28.480322,77.085861,180322165551,A,25,62,57583,270,11,0.82,0,0,21,0,0,0,0,0,0,0,0,0,0,1,1,0,0,0,0,0,0,0,0,0,0,0,0,0,0,0,0,1,0,0,0,13996,4003,*03
Mon Feb 15 21:44:50 UTC 2021,$$CLIENT_1ZF,191020214,1,28.480312,77.085861,180322165542,A,23,14,57478,263,11,0.82,0,0,21,0,0,0,0,0,0,0,1,0,0,1,1,0,0,0,0,0,0,0,0,0,0,0,0,0,0,0,0,0,0,0,0,13996,4014,*01
Mon Feb 15 21:44:50 UTC 2021,$$CLIENT_1ZF,191020214,1,28.480309,77.085838,180322165551,A,25,42,57583,270,11,0.82,0,0,21,0,0,0,0,0,0,0,0,0,0,1,1,0,0,0,0,0,0,0,0,0,0,0,0,0,0,0,0,0,0,0,0,13996,4003,*03
Mon Feb 15 21:44:50 UTC 2021,$$CLIENT_1ZF,191020214,1,28.480276,77.085457,180322165522,A,21,30,57372,234,9,0.89,0,0,21,0,0,0,0,0,0,0,0,0,0,0,0,1,1,0,0,0,0,0,0,0,0,0,0,0,0,0,0,0,0,0,0,14018,4036,*05
Mon Feb 15 21:44:50 UTC 2021,$$CLIENT_1ZF,191020214,1,28.480202,77.084724,180322165522,A,21,67,57372,234,9,0.89,0,0,21,0,0,0,0,0,0,0,0,0,0,0,0,1,1,0,0,0,0,0,0,0,0,0,0,0,0,0,0,0,0,0,0,14018,4036,*05
Mon Feb 15 21:44:50 UTC 2021,$$CLIENT_1ZF,191020214,1,28.480066,77.08374,180322165532,A,21,30,57372,231,10,0.95,0,0,21,0,0,0,0,0,0,0,0,0,0,0,0,1,0,0,0,0,0,0,0,0,0,0,0,0,0,0,0,0,0,0,0,13932,4014,*09
Mon Feb 15 21:44:50 UTC 2021,$$CLIENT_1ZF,191020214,1,28.479914,77.082657,180322165542,A,23,40,57478,263,11,0.82,0,0,21,0,0,0,0,0,0,0,0,0,0,1,1,0,0,0,0,0,0,0,0,0,0,0,0,0,0,0,0,0,0,0,0,21001,1200,*01
Mon Feb 15 21:44:50 UTC 2021,$$CLIENT_1ZF,191020214,1,28.479731,77.08152,180322165551,A,25,40,57583,270,11,0.82,0,0,21,0,0,0,0,0,0,0,0,0,0,1,1,0,0,0,0,0,0,1,0,0,0,0,0,0,0,0,0,0,0,0,0,13002,1300,*03
Mon Feb 15 21:44:50 UTC 2021,$$CLIENT_1ZF,191020214,1,28.479567,77.08036,180322165522,A,21,0,57372,234,9,0.89,0,0,21,0,0,0,0,0,0,0,1,0,0,0,1,1,0,0,0,0,0,0,0,0,0,0,0,0,0,0,0,0,0,0,0,14018,2300,*05
Mon Feb 15 21:44:50 UTC 2021,$$CLIENT_1ZF,191020214,1,28.479416,77.07946,180322165522,A,21,62,57372,234,9,0.89,0,0,21,0,0,0,0,0,0,0,1,0,0,1,1,0,0,0,0,0,0,0,0,0,0,0,0,0,0,0,0,0,0,0,0,14018,2900,*05
Mon Feb 15 21:44:50 UTC 2021,$$CLIENT_1ZF,191020214,1,28.479193,77.079208,180322165522,A,21,0,57372,234,9,0.89,0,0,21,0,0,0,0,0,0,0,1,0,0,1,1,0,0,0,0,0,0,0,0,0,0,0,0,0,0,0,0,0,0,0,0,14018,1700,*05
Mon Feb 15 21:44:50 UTC 2021,$$CLIENT_1ZF,191020214,1,28.479105,77.078941,180322165522,A,21,50,57372,234,9,0.89,0,0,21,0,0,0,0,0,0,0,0,0,0,1,1,0,0,0,0,0,0,0,0,0,0,0,0,0,0,0,0,0,0,0,0,14018,4036,*05
Mon Feb 15 21:44:50 UTC 2021,$$CLIENT_1ZF,191020214,1,28.479038,77.078423,180322165522,A,21,50,57372,234,9,0.89,0,0,21,0,0,0,0,0,0,0,0,0,0,1,1,0,0,0,0,0,0,0,0,0,0,0,0,0,0,0,0,0,0,0,0,14018,4036,*05
Mon Feb 15 21:44:50 UTC 2021,$$CLIENT_1ZF,191020214,1,28.478937,77.077736,180322165522,A,21,50,57372,234,9,0.89,0,0,21,0,0,0,0,0,0,0,0,0,0,1,1,0,0,0,0,0,0,0,0,0,0,0,0,0,0,0,0,0,0,0,0,14018,4036,*05
Mon Feb 15 21:44:50 UTC 2021,$$CLIENT_1ZF,191020214,1,28.478865,77.077393,180322165522,A,21,50,57372,234,9,0.89,0,0,21,0,0,0,0,0,0,0,0,0,0,1,1,0,0,0,0,0,0,0,0,0,0,0,0,0,0,0,0,0,0,0,0,14018,4036,*05
Mon Feb 15 21:44:50 UTC 2021,$$CLIENT_1ZF,191020214,1,28.478851,77.077347,180322165522,A,21,60,57372,234,9,0.89,0,0,21,0,0,0,0,0,0,0,0,0,0,1,1,0,0,0,0,0,0,0,0,0,0,0,0,0,0,0,0,0,0,0,0,14018,4036,*05
Mon Feb 15 21:44:50 UTC 2021,$$CLIENT_1ZF,191020214,1,28.478848,77.077339,180322165522,A,21,50,57372,234,9,0.89,0,0,21,0,0,0,0,0,0,0,0,0,0,1,1,0,0,0,0,0,0,0,0,0,0,0,0,0,0,0,0,0,0,0,0,14018,4036,*05
Mon Feb 15 21:44:50 UTC 2021,$$CLIENT_1ZF,191020214,1,28.478838,77.077347,180322165522,A,21,50,57372,234,9,0.89,0,0,21,0,0,0,0,0,0,0,0,0,0,1,1,0,0,0,0,0,0,0,0,0,0,0,0,0,0,0,0,0,0,0,0,14018,4036,*05
Mon Feb 15 21:44:50 UTC 2021,$$CLIENT_1ZF,191020214,1,28.478832,77.077339,180322165522,A,21,50,57372,234,9,0.89,0,0,21,0,0,0,0,0,0,0,0,0,0,1,1,0,0,0,0,0,0,0,0,0,0,0,0,0,0,0,0,0,0,0,0,14018,4036,*05
Mon Feb 15 21:44:50 UTC 2021,$$CLIENT_1ZF,191020214,1,28.478844,77.077324,180322165522,A,21,50,57372,234,9,0.89,0,0,21,0,0,0,0,0,0,0,0,0,0,1,1,0,0,0,0,0,0,0,0,0,0,0,0,0,0,0,0,0,0,0,0,14018,4036,*05
Mon Feb 15 21:44:50 UTC 2021,$$CLIENT_1ZF,191020214,1,28.478838,77.077179,180322165522,A,21,50,57372,234,9,0.89,0,0,21,0,0,0,0,0,0,0,0,0,0,1,1,0,0,0,0,0,0,0,0,0,0,0,0,0,0,0,0,0,0,0,0,14018,4036,*05
Mon Feb 15 21:44:50 UTC 2021,$$CLIENT_1ZF,191020214,1,28.478815,77.076927,180322165522,A,21,50,57372,234,9,0.89,0,0,21,0,0,0,0,0,0,0,0,0,0,1,1,0,0,0,0,0,0,0,0,0,0,0,0,0,0,0,0,0,0,0,0,14018,4036,*05
Mon Feb 15 21:44:50 UTC 2021,$$CLIENT_1ZF,191020214,1,28.478718,77.076447,180322165522,A,21,50,57372,234,9,0.89,0,0,21,0,0,0,0,0,0,0,0,0,0,1,1,0,0,0,0,0,0,0,0,0,0,0,0,0,0,0,0,0,0,0,0,14018,4036,*05
Mon Feb 15 21:44:50 UTC 2021,$$CLIENT_1ZF,191020214,1,28.478628,77.07592,180322165522,A,21,50,57372,234,9,0.89,0,0,21,0,0,0,0,0,0,0,0,0,0,1,1,0,0,0,0,0,0,0,0,0,0,0,0,0,0,0,0,0,0,0,0,14018,4036,*05
Mon Feb 15 21:44:50 UTC 2021,$$CLIENT_1ZF,191020214,1,28.478588,77.075615,180322165522,A,21,60,57372,234,9,0.89,0,0,21,0,0,0,0,0,0,0,0,0,0,1,1,0,0,0,0,0,0,0,0,0,0,0,0,0,0,0,0,0,0,0,0,14018,4036,*05
Mon Feb 15 21:44:50 UTC 2021,$$CLIENT_1ZF,191020214,1,28.478518,77.075188,180322165522,A,21,50,57372,234,9,0.89,0,0,21,0,0,0,0,0,0,0,0,0,0,1,1,0,0,0,0,0,0,0,0,0,0,0,0,0,0,0,0,0,0,0,0,14018,4036,*05
Mon Feb 15 21:44:50 UTC 2021,$$CLIENT_1ZF,191020214,1,28.478411,77.074631,180322165522,A,21,50,57372,234,9,0.89,0,0,21,0,0,0,0,0,0,0,0,0,0,1,1,0,0,0,0,0,0,0,0,0,0,0,0,0,0,0,0,0,0,0,0,14018,4036,*05
Mon Feb 15 21:44:50 UTC 2021,$$CLIENT_1ZF,191020214,1,28.478336,77.074272,180322165522,A,21,50,57372,234,9,0.89,0,0,21,0,0,0,0,0,0,0,0,0,0,1,1,0,0,0,0,0,0,0,0,0,0,0,0,0,0,0,0,0,0,0,0,14018,4036,*05
Mon Feb 15 21:44:50 UTC 2021,$$CLIENT_1ZF,191020214,1,28.478439,77.07412,180322165522,A,21,50,57372,234,9,0.89,0,0,21,0,0,0,0,0,0,0,0,0,0,1,1,0,0,0,0,0,0,0,0,0,0,0,0,0,0,0,0,0,0,0,0,14018,4036,*05
Mon Feb 15 21:44:50 UTC 2021,$$CLIENT_1ZF,191020214,1,28.478424,77.07402,180322165522,A,21,50,57372,234,9,0.89,0,0,21,0,0,0,0,0,0,0,0,0,0,1,1,0,0,0,0,0,0,0,0,0,0,0,0,0,0,0,0,0,0,0,0,14018,4036,*05
Mon Feb 15 21:44:50 UTC 2021,$$CLIENT_1ZF,191020214,1,28.478437,77.07402,180322165522,A,21,60,57372,234,9,0.89,0,0,21,0,0,0,0,0,0,0,0,0,0,1,1,0,0,0,0,0,0,0,0,0,0,0,0,0,0,0,0,0,0,0,0,14018,4036,*05
Mon Feb 15 21:44:50 UTC 2021,$$CLIENT_1ZF,191020214,1,28.478451,77.07402,180322165522,A,21,50,57372,234,9,0.89,0,0,21,0,0,0,0,0,0,0,0,0,0,1,1,0,0,0,0,0,0,0,0,0,0,0,0,0,0,0,0,0,0,0,0,14018,4036,*05
Mon Feb 15 21:44:50 UTC 2021,$$CLIENT_1ZF,191020214,1,28.478464,77.074005,180322165522,A,21,50,57372,234,9,0.89,0,0,21,0,0,0,0,0,0,0,0,0,0,1,1,0,0,0,0,0,0,0,0,0,0,0,0,0,0,0,0,0,0,0,0,14018,4036,*05
Mon Feb 15 21:44:50 UTC 2021,$$CLIENT_1ZF,191020214,1,28.478479,77.074005,180322165522,A,21,50,57372,234,9,0.89,0,0,21,0,0,0,0,0,0,0,0,0,0,1,1,0,0,0,0,0,0,0,0,0,0,0,0,0,0,0,0,0,0,0,0,14018,4036,*05
Mon Feb 15 21:44:50 UTC 2021,$$CLIENT_1ZF,191020214,1,28.478441,77.073822,180322165522,A,21,50,57372,234,9,0.89,0,0,21,0,0,0,0,0,0,0,0,0,0,1,1,0,0,0,0,0,0,0,0,0,0,0,0,0,0,0,0,0,0,0,0,14018,4036,*05
Mon Feb 15 21:44:50 UTC 2021,$$CLIENT_1ZF,191020214,1,28.478371,77.07338,180322165522,A,21,50,57372,234,9,0.89,0,0,21,0,0,0,0,0,0,0,0,0,0,1,1,0,0,0,0,0,0,0,0,0,0,0,0,0,0,0,0,0,0,0,0,14018,4036,*05
Mon Feb 15 21:44:50 UTC 2021,$$CLIENT_1ZF,191020214,1,28.478186,77.072517,180322165522,A,21,50,57372,234,9,0.89,0,0,21,0,0,0,0,0,0,0,0,0,0,1,1,0,0,0,0,0,0,0,0,0,0,0,0,0,0,0,0,0,0,0,0,14018,4036,*05
Mon Feb 15 21:44:50 UTC 2021,$$CLIENT_1ZF,191020214,1,28.478006,77.07151,180322165522,A,21,60,57372,234,9,0.89,0,0,21,0,0,0,0,0,0,0,0,0,0,1,1,0,0,0,0,0,0,0,0,0,0,0,0,0,0,0,0,0,0,0,0,14018,4036,*05
Mon Feb 15 21:44:50 UTC 2021,$$CLIENT_1ZF,191020214,1,28.477884,77.070847,180322165522,A,21,50,57372,234,9,0.89,0,0,21,0,0,0,0,0,0,0,0,0,0,1,1,0,0,0,0,0,0,0,0,0,0,0,0,0,0,0,0,0,0,0,0,14018,4036,*05
Mon Feb 15 21:44:50 UTC 2021,$$CLIENT_1ZF,191020214,1,28.47777,77.070175,180322165522,A,21,50,57372,234,9,0.89,0,0,21,0,0,0,0,0,0,0,0,0,0,1,1,0,0,0,0,0,0,0,0,0,0,0,0,0,0,0,0,0,0,0,0,14018,4036,*05
Mon Feb 15 21:44:50 UTC 2021,$$CLIENT_1ZF,191020214,1,28.47751,77.06926,180322165522,A,21,50,57372,234,9,0.89,0,0,21,0,0,0,0,0,0,0,0,0,0,1,1,0,0,0,0,0,0,0,0,0,0,0,0,0,0,0,0,0,0,0,0,14018,4036,*05
Mon Feb 15 21:44:50 UTC 2021,$$CLIENT_1ZF,191020214,1,28.477337,77.068649,180322165522,A,21,50,57372,234,9,0.89,0,0,21,0,0,0,0,0,0,0,0,0,0,1,1,0,0,0,0,0,0,0,0,0,0,0,0,0,0,0,0,0,0,0,0,14018,4036,*05
Mon Feb 15 21:44:50 UTC 2021,$$CLIENT_1ZF,191020214,1,28.476969,77.068207,180322165522,A,21,50,57372,234,9,0.89,0,0,21,0,0,0,0,0,0,0,0,0,0,1,1,0,0,0,0,0,0,0,0,0,0,0,0,0,0,0,0,0,0,0,0,14018,4036,*05
Mon Feb 15 21:44:50 UTC 2021,$$CLIENT_1ZF,191020214,1,28.476707,77.067879,180322165522,A,21,60,57372,234,9,0.89,0,0,21,0,0,0,0,0,0,0,0,0,0,1,1,0,0,0,0,0,0,0,0,0,0,0,0,0,0,0,0,0,0,0,0,14018,4036,*05
Mon Feb 15 21:44:50 UTC 2021,$$CLIENT_1ZF,191020214,1,28.476173,77.067192,180322165522,A,21,50,57372,234,9,0.89,0,0,21,0,0,0,0,0,0,0,0,0,0,1,1,0,0,0,0,0,0,0,0,0,0,0,0,0,0,0,0,0,0,0,0,14018,4036,*05
Mon Feb 15 21:44:50 UTC 2021,$$CLIENT_1ZF,191020214,1,28.475401,77.066231,180322165522,A,21,50,57372,234,9,0.89,0,0,21,0,0,0,0,0,0,0,0,0,0,1,1,0,0,0,0,0,0,0,0,0,0,0,0,0,0,0,0,0,0,0,0,14018,4036,*05
Mon Feb 15 21:44:50 UTC 2021,$$CLIENT_1ZF,191020214,1,28.474585,77.065201,180322165522,A,21,50,57372,234,9,0.89,0,0,21,0,0,0,0,0,0,0,0,0,0,1,1,0,0,0,0,0,0,0,0,0,0,0,0,0,0,0,0,0,0,0,0,14018,4036,*05
Mon Feb 15 21:44:50 UTC 2021,$$CLIENT_1ZF,191020214,1,28.473774,77.064156,180322165522,A,21,50,57372,234,9,0.89,0,0,21,0,0,0,0,0,0,0,0,0,0,1,1,0,0,0,0,0,0,0,0,0,0,0,0,0,0,0,0,0,0,0,0,14018,4036,*05
Mon Feb 15 21:44:50 UTC 2021,$$CLIENT_1ZF,191020214,1,28.472939,77.063133,180322165522,A,21,50,57372,234,9,0.89,0,0,21,0,0,0,0,0,0,0,0,0,0,1,1,0,0,0,0,0,0,0,0,0,0,0,0,0,0,0,0,0,0,0,0,14018,4036,*05
Mon Feb 15 21:44:50 UTC 2021,$$CLIENT_1ZF,191020214,1,28.472147,77.062103,180322165522,A,21,60,57372,234,9,0.89,0,0,21,0,0,0,0,0,0,0,0,0,0,1,1,0,0,0,0,0,0,0,0,0,0,0,0,0,0,0,0,0,0,0,0,14018,4036,*05
Mon Feb 15 21:44:50 UTC 2021,$$CLIENT_1ZF,191020214,1,28.471363,77.061111,180322165522,A,21,50,57372,234,9,0.89,0,0,21,0,0,0,0,0,0,0,0,0,0,1,1,0,0,0,0,0,0,0,0,0,0,0,0,0,0,0,0,0,0,0,0,14018,4036,*05
Mon Feb 15 21:44:50 UTC 2021,$$CLIENT_1ZF,191020214,1,28.470623,77.060043,180322165522,A,21,50,57372,234,9,0.89,0,0,21,0,0,0,0,0,0,0,0,0,0,1,1,0,0,0,0,0,0,0,0,0,0,0,0,0,0,0,0,0,0,0,0,14018,4036,*05
Mon Feb 15 21:44:50 UTC 2021,$$CLIENT_1ZF,191020214,1,28.46981,77.059044,180322165522,A,21,50,57372,234,9,0.89,0,0,21,0,0,0,0,0,0,0,0,0,0,1,1,0,0,0,0,0,0,0,0,0,0,0,0,0,0,0,0,0,0,0,0,14018,4036,*05
Mon Feb 15 21:44:50 UTC 2021,$$CLIENT_1ZF,191020214,1,28.469004,77.058037,180322165522,A,21,50,57372,234,9,0.89,0,0,21,0,0,0,0,0,0,0,0,0,0,1,1,0,0,0,0,0,0,0,0,0,0,0,0,0,0,0,0,0,0,0,0,14018,4036,*05
Mon Feb 15 21:44:50 UTC 2021,$$CLIENT_1ZF,191020214,1,28.468136,77.05706,180322165522,A,21,50,57372,234,9,0.89,0,0,21,0,0,0,0,0,0,0,0,0,0,1,1,0,0,0,0,0,0,0,0,0,0,0,0,0,0,0,0,0,0,0,0,14018,4036,*05
Mon Feb 15 21:44:50 UTC 2021,$$CLIENT_1ZF,191020214,1,28.46707,77.056297,180322165522,A,21,60,57372,234,9,0.89,0,0,21,0,0,0,0,0,0,0,0,0,0,1,1,0,0,0,0,0,0,0,0,0,0,0,0,0,0,0,0,0,0,0,0,14018,4036,*05
Mon Feb 15 21:44:50 UTC 2021,$$CLIENT_1ZF,191020214,1,28.465982,77.05558,180322165522,A,21,50,57372,234,9,0.89,0,0,21,0,0,0,0,0,0,0,0,0,0,1,1,0,0,0,0,0,0,0,0,0,0,0,0,0,0,0,0,0,0,0,0,14018,4036,*05
Mon Feb 15 21:44:50 UTC 2021,$$CLIENT_1ZF,191020214,1,28.465021,77.054695,180322165522,A,21,50,57372,234,9,0.89,0,0,21,0,0,0,0,0,0,0,0,0,0,1,1,0,0,0,0,0,0,0,0,0,0,0,0,0,0,0,0,0,0,0,0,14018,4036,*05
Mon Feb 15 21:44:50 UTC 2021,$$CLIENT_1ZF,191020214,1,28.464087,77.053802,180322165522,A,21,50,57372,234,9,0.89,0,0,21,0,0,0,0,0,0,0,0,0,0,1,1,0,0,0,0,0,0,0,0,0,0,0,0,0,0,0,0,0,0,0,0,14018,4036,*05
Mon Feb 15 21:44:50 UTC 2021,$$CLIENT_1ZF,191020214,1,28.463152,77.052902,180322165522,A,21,50,57372,234,9,0.89,0,0,21,0,0,0,0,0,0,0,0,0,0,1,1,0,0,0,0,0,0,0,0,0,0,0,0,0,0,0,0,0,0,0,0,14018,4036,*05
Mon Feb 15 21:44:50 UTC 2021,$$CLIENT_1ZF,191020214,1,28.462217,77.052002,180322165522,A,21,50,57372,234,9,0.89,0,0,21,0,0,0,0,0,0,0,0,0,0,1,1,0,0,0,0,0,0,0,0,0,0,0,0,0,0,0,0,0,0,0,0,14018,4036,*05
Mon Feb 15 21:44:50 UTC 2021,$$CLIENT_1ZF,191020214,1,28.461254,77.051186,180322165522,A,21,60,57372,234,9,0.89,0,0,21,0,0,0,0,0,0,0,0,0,0,1,1,0,0,0,0,0,0,0,0,0,0,0,0,0,0,0,0,0,0,0,0,14018,4036,*05
Mon Feb 15 21:44:50 UTC 2021,$$CLIENT_1ZF,191020214,1,28.460318,77.050323,180322165522,A,21,50,57372,234,9,0.89,0,0,21,0,0,0,0,0,0,0,0,0,0,1,1,0,0,0,0,0,0,0,0,0,0,0,0,0,0,0,0,0,0,0,0,14018,4036,*05
Mon Feb 15 21:44:50 UTC 2021,$$CLIENT_1ZF,191020214,1,28.459478,77.049973,180322165522,A,21,50,57372,234,9,0.89,0,0,21,0,0,0,0,0,0,0,0,0,0,1,1,0,0,0,0,0,0,0,0,0,0,0,0,0,0,0,0,0,0,0,0,14018,4036,*05
Mon Feb 15 21:44:50 UTC 2021,$$CLIENT_1ZF,191020214,1,28.459316,77.049347,180322165522,A,21,50,57372,234,9,0.89,0,0,21,0,0,0,0,0,0,0,0,0,0,1,1,0,0,0,0,0,0,0,0,0,0,0,0,0,0,0,0,0,0,0,0,14018,4036,*05
Mon Feb 15 21:44:50 UTC 2021,$$CLIENT_1ZF,191020214,1,28.458614,77.048683,180322165522,A,21,50,57372,234,9,0.89,0,0,21,0,0,0,0,0,0,0,0,0,0,1,1,0,0,0,0,0,0,0,0,0,0,0,0,0,0,0,0,0,0,0,0,14018,4036,*05
Mon Feb 15 21:44:50 UTC 2021,$$CLIENT_1ZF,191020214,1,28.457712,77.047813,180322165522,A,21,50,57372,234,9,0.89,0,0,21,0,0,0,0,0,0,0,0,0,0,1,1,0,0,0,0,0,0,0,0,0,0,0,0,0,0,0,0,0,0,0,0,14018,4036,*05
Mon Feb 15 21:44:50 UTC 2021,$$CLIENT_1ZF,191020214,1,28.456772,77.046928,180322165522,A,21,60,57372,234,9,0.89,0,0,21,0,0,0,0,0,0,0,0,0,0,1,1,0,0,0,0,0,0,0,0,0,0,0,0,0,0,0,0,0,0,0,0,14018,4036,*05
Mon Feb 15 21:44:50 UTC 2021,$$CLIENT_1ZF,191020214,1,28.455849,77.046021,180322165522,A,21,50,57372,234,9,0.89,0,0,21,0,0,0,0,0,0,0,0,0,0,1,1,0,0,0,0,0,0,0,0,0,0,0,0,0,0,0,0,0,0,0,0,14018,4036,*05
Mon Feb 15 21:44:50 UTC 2021,$$CLIENT_1ZF,191020214,1,28.454912,77.045128,180322165522,A,21,50,57372,234,9,0.89,0,0,21,0,0,0,0,0,0,0,0,0,0,1,1,0,0,0,0,0,0,0,0,0,0,0,0,0,0,0,0,0,0,0,0,14018,4036,*05
Mon Feb 15 21:44:50 UTC 2021,$$CLIENT_1ZF,191020214,1,28.45434,77.044762,180322165522,A,21,50,57372,234,9,0.89,0,0,21,0,0,0,0,0,0,0,0,0,0,1,1,0,0,0,0,0,0,0,0,0,0,0,0,0,0,0,0,0,0,0,0,14018,4036,*05
Mon Feb 15 21:44:50 UTC 2021,$$CLIENT_1ZF,191020214,1,28.454058,77.045151,180322165522,A,21,50,57372,234,9,0.89,0,0,21,0,0,0,0,0,0,0,0,0,0,1,1,0,0,0,0,0,0,0,0,0,0,0,0,0,0,0,0,0,0,0,0,14018,4036,*05
Mon Feb 15 21:44:50 UTC 2021,$$CLIENT_1ZF,191020214,1,28.454039,77.045189,180322165522,A,21,50,57372,234,9,0.89,0,0,21,0,0,0,0,0,0,0,0,0,0,1,1,0,0,0,0,0,0,0,0,0,0,0,0,0,0,0,0,0,0,0,0,14018,4036,*05
Mon Feb 15 21:44:50 UTC 2021,$$CLIENT_1ZF,191020214,1,28.454044,77.045189,180322165522,A,21,50,57372,234,9,0.89,0,0,21,0,0,0,0,0,0,0,0,0,0,1,1,0,0,0,0,0,0,0,0,0,0,0,0,0,0,0,0,0,0,0,0,14018,4036,*05
Mon Feb 15 21:44:50 UTC 2021,$$CLIENT_1ZF,191020214,1,28.453974,77.045258,180322165522,A,21,60,57372,234,9,0.89,0,0,21,0,0,0,0,0,0,0,0,0,0,1,1,0,0,0,0,0,0,0,0,0,0,0,0,0,0,0,0,0,0,0,0,14018,4036,*05
Mon Feb 15 21:44:50 UTC 2021,$$CLIENT_1ZF,191020214,1,28.453836,77.045486,180322165522,A,21,50,57372,234,9,0.89,0,0,21,0,0,0,0,0,0,0,0,0,0,1,1,0,0,0,0,0,0,0,0,0,0,0,0,0,0,0,0,0,0,0,0,14018,4036,*05
Mon Feb 15 21:44:50 UTC 2021,$$CLIENT_1ZF,191020214,1,28.453972,77.045639,180322165522,A,21,50,57372,234,9,0.89,0,0,21,0,0,0,0,0,0,0,0,0,0,1,1,0,0,0,0,0,0,0,0,0,0,0,0,0,0,0,0,0,0,0,0,14018,4036,*05
Mon Feb 15 21:44:50 UTC 2021,$$CLIENT_1ZF,191020214,1,28.45406,77.045708,180322165522,A,21,50,57372,234,9,0.89,0,0,21,0,0,0,0,0,0,0,0,0,0,1,1,0,0,0,0,0,0,0,0,0,0,0,0,0,0,0,0,0,0,0,0,14018,4036,*05
Mon Feb 15 21:44:50 UTC 2021,$$CLIENT_1ZF,191020214,1,28.454376,77.045998,180322165522,A,21,50,57372,234,9,0.89,0,0,21,0,0,0,0,0,0,0,0,0,0,1,1,0,0,0,0,0,0,0,0,0,0,0,0,0,0,0,0,0,0,0,0,14018,4036,*05
Mon Feb 15 21:44:50 UTC 2021,$$CLIENT_1ZF,191020214,1,28.45484,77.046432,180322165522,A,21,50,57372,234,9,0.89,0,0,21,0,0,0,0,0,0,0,0,0,0,1,1,0,0,0,0,0,0,0,0,0,0,0,0,0,0,0,0,0,0,0,0,14018,4036,*05
Mon Feb 15 21:44:50 UTC 2021,$$CLIENT_1ZF,191020214,1,28.455351,77.046928,180322165522,A,21,50,57372,234,9,0.89,0,0,21,0,0,0,0,0,0,0,0,0,0,1,1,0,0,0,0,0,0,0,0,0,0,0,0,0,0,0,0,0,0,0,0,14018,4036,*05
Mon Feb 15 21:44:50 UTC 2021,$$CLIENT_1ZF,191020214,1,28.455685,77.047241,180322165522,A,21,60,57372,234,9,0.89,0,0,21,0,0,0,0,0,0,0,0,0,0,1,1,0,0,0,0,0,0,0,0,0,0,0,0,0,0,0,0,0,0,0,0,14018,4036,*05
Mon Feb 15 21:44:50 UTC 2021,$$CLIENT_1ZF,191020214,1,28.455635,77.047401,180322165522,A,21,50,57372,234,9,0.89,0,0,21,0,0,0,0,0,0,0,0,0,0,1,1,0,0,0,0,0,0,0,0,0,0,0,0,0,0,0,0,0,0,0,0,14018,4036,*05
Mon Feb 15 21:44:50 UTC 2021,$$CLIENT_1ZF,191020214,1,28.45528,77.047867,180322165522,A,21,50,57372,234,9,0.89,0,0,21,0,0,0,0,0,0,0,0,0,0,1,1,0,0,0,0,0,0,0,0,0,0,0,0,0,0,0,0,0,0,0,0,14018,4036,*05
Mon Feb 15 21:44:50 UTC 2021,$$CLIENT_1ZF,191020214,1,28.45496,77.048309,180322165522,A,21,50,57372,234,9,0.89,0,0,21,0,0,0,0,0,0,0,0,0,0,1,1,0,0,0,0,0,0,0,0,0,0,0,0,0,0,0,0,0,0,0,0,14018,4036,*05
Mon Feb 15 21:44:50 UTC 2021,$$CLIENT_1ZF,191020214,1,28.454967,77.048401,180322165522,A,21,50,57372,234,9,0.89,0,0,21,0,0,0,0,0,0,0,0,0,0,1,1,0,0,0,0,0,0,0,0,0,0,0,0,0,0,0,0,0,0,0,0,14018,4036,*05
Mon Feb 15 21:44:50 UTC 2021,$$CLIENT_1ZF,191020214,1,28.455002,77.048447,180322165522,A,21,50,57372,234,9,0.89,0,0,21,0,0,0,0,0,0,0,0,0,0,1,1,0,0,0,0,0,0,0,0,0,0,0,0,0,0,0,0,0,0,0,0,14018,4036,*05
Mon Feb 15 21:44:50 UTC 2021,$$CLIENT_1ZF,191020214,1,28.45533,77.048706,180322165522,A,21,50,57372,234,9,0.89,0,0,21,0,0,0,0,0,0,0,0,0,0,1,1,0,0,0,0,0,0,0,0,0,0,0,0,0,0,0,0,0,0,0,0,14018,4036,*05
Mon Feb 15 21:44:50 UTC 2021,$$CLIENT_1ZF,191020214,1,28.455479,77.048859,180322165522,A,21,60,57372,234,9,0.89,0,0,21,0,0,0,0,0,0,0,0,0,0,1,1,0,0,0,0,0,0,0,0,0,0,0,0,0,0,0,0,0,0,0,0,14018,4036,*05
Mon Feb 15 21:44:50 UTC 2021,$$CLIENT_1ZF,191020214,1,28.455484,77.048836,180322165522,A,21,50,57372,234,9,0.89,0,0,21,0,0,0,0,0,0,0,0,0,0,1,1,0,0,0,0,0,0,0,0,0,0,0,0,0,0,0,0,0,0,0,0,14018,4036,*05
Mon Feb 15 21:44:50 UTC 2021,$$CLIENT_1ZF,191020214,1,28.455643,77.049011,180322165522,A,21,50,57372,234,9,0.89,0,0,21,0,0,0,0,0,0,0,0,0,0,1,1,0,0,0,0,0,0,0,0,0,0,0,0,0,0,0,0,0,0,0,0,14018,4036,*05
Mon Feb 15 21:44:50 UTC 2021,$$CLIENT_1ZF,191020214,1,28.455956,77.049286,180322165522,A,21,50,57372,234,9,0.89,0,0,21,0,0,0,0,0,0,0,0,0,0,1,1,0,0,0,0,0,0,0,0,0,0,0,0,0,0,0,0,0,0,0,0,14018,4036,*05
Mon Feb 15 21:44:50 UTC 2021,$$CLIENT_1ZF,191020214,1,28.455919,77.049553,180322165522,A,21,50,57372,234,9,0.89,0,0,21,0,0,0,0,0,0,0,0,0,0,1,1,0,0,0,0,0,0,0,0,0,0,0,0,0,0,0,0,0,0,0,0,14018,4036,*05
Mon Feb 15 21:44:50 UTC 2021,$$CLIENT_1ZF,191020214,1,28.455818,77.049675,180322165522,A,21,60,57372,234,9,0.89,0,0,21,0,0,0,0,0,0,0,0,0,0,1,1,0,0,0,0,0,0,0,0,0,0,0,0,0,0,0,0,0,0,0,0,14018,4036,*05
Mon Feb 15 21:44:50 UTC 2021,$$CLIENT_1ZF,191020214,1,28.455803,77.049675,180322165522,A,21,50,57372,234,9,0.89,0,0,21,0,0,0,0,0,0,0,0,0,0,1,1,0,0,0,0,0,0,0,0,0,0,0,0,0,0,0,0,0,0,0,0,14018,4036,*05
Mon Feb 15 21:44:50 UTC 2021,$$CLIENT_1ZF,191020214,1,28.455585,77.049965,180322165522,A,21,50,57372,234,9,0.89,0,0,21,0,0,0,0,0,0,0,0,0,0,1,1,0,0,0,0,0,0,0,0,0,0,0,0,0,0,0,0,0,0,0,0,14018,4036,*05
Mon Feb 15 21:44:50 UTC 2021,$$CLIENT_1ZF,191020214,1,28.45524,77.050423,180322165522,A,21,50,57372,234,9,0.89,0,0,21,0,0,0,0,0,0,0,0,0,0,1,1,0,0,0,0,0,0,0,0,0,0,0,0,0,0,0,0,0,0,0,0,14018,4036,*05
Mon Feb 15 21:44:50 UTC 2021,$$CLIENT_1ZF,191020214,1,28.455381,77.050743,180322165522,A,21,50,57372,234,9,0.89,0,0,21,0,0,0,0,0,0,0,0,0,0,1,1,0,0,0,0,0,0,0,0,0,0,0,0,0,0,0,0,0,0,0,0,14018,4036,*05
Mon Feb 15 21:44:50 UTC 2021,$$CLIENT_1ZF,191020214,1,28.455738,77.051086,180322165522,A,21,50,57372,234,9,0.89,0,0,21,0,0,0,0,0,0,0,0,0,0,1,1,0,0,0,0,0,0,0,0,0,0,0,0,0,0,0,0,0,0,0,0,14018,4036,*05
Mon Feb 15 21:44:50 UTC 2021,$$CLIENT_1ZF,191020214,1,28.456215,77.051544,180322165522,A,21,60,57372,234,9,0.89,0,0,21,0,0,0,0,0,0,0,0,0,0,1,1,0,0,0,0,0,0,0,0,0,0,0,0,0,0,0,0,0,0,0,0,14018,4036,*05
Mon Feb 15 21:44:50 UTC 2021,$$CLIENT_1ZF,191020214,1,28.456661,77.051987,180322165522,A,21,50,57372,234,9,0.89,0,0,21,0,0,0,0,0,0,0,0,0,0,1,1,0,0,0,0,0,0,0,0,0,0,0,0,0,0,0,0,0,0,0,0,14018,4036,*05
Mon Feb 15 21:44:50 UTC 2021,$$CLIENT_1ZF,191020214,1,28.457106,77.052406,180322165522,A,21,50,57372,234,9,0.89,0,0,21,0,0,0,0,0,0,0,0,0,0,1,1,0,0,0,0,0,0,0,0,0,0,0,0,0,0,0,0,0,0,0,0,14018,4036,*05
Mon Feb 15 21:44:50 UTC 2021,$$CLIENT_1ZF,191020214,1,28.457365,77.052704,180322165522,A,21,50,57372,234,9,0.89,0,0,21,0,0,0,0,0,0,0,0,0,0,1,1,0,0,0,0,0,0,0,0,0,0,0,0,0,0,0,0,0,0,0,0,14018,4036,*05
Mon Feb 15 21:44:50 UTC 2021,$$CLIENT_1ZF,191020214,1,28.457172,77.053017,180322165522,A,21,50,57372,234,9,0.89,0,0,21,0,0,0,0,0,0,0,0,0,0,1,1,0,0,0,0,0,0,0,0,0,0,0,0,0,0,0,0,0,0,0,0,14018,4036,*05
Mon Feb 15 21:44:50 UTC 2021,$$CLIENT_1ZF,191020214,1,28.45709,77.053162,180322165522,A,21,60,57372,234,9,0.89,0,0,21,0,0,0,0,0,0,0,0,0,0,1,1,0,0,0,0,0,0,0,0,0,0,0,0,0,0,0,0,0,0,0,0,14018,4036,*05
Mon Feb 15 21:44:50 UTC 2021,$$CLIENT_1ZF,191020214,1,28.457071,77.053207,180322165522,A,21,50,57372,234,9,0.89,0,0,21,0,0,0,0,0,0,0,0,0,0,1,1,0,0,0,0,0,0,0,0,0,0,0,0,0,0,0,0,0,0,0,0,14018,4036,*05
Mon Feb 15 21:44:50 UTC 2021,$$CLIENT_1ZF,191020214,1,28.457054,77.053223,180322165522,A,21,50,57372,234,9,0.89,0,0,21,0,0,0,0,0,0,0,0,0,0,1,1,0,0,0,0,0,0,0,0,0,0,0,0,0,0,0,0,0,0,0,0,14018,4036,*05
Mon Feb 15 21:44:50 UTC 2021,$$CLIENT_1ZF,191020214,1,28.457039,77.053223,180322165522,A,21,50,57372,234,9,0.89,0,0,21,0,0,0,0,0,0,0,0,0,0,1,1,0,0,0,0,0,0,0,0,0,0,0,0,0,0,0,0,0,0,0,0,14018,4036,*05
Mon Feb 15 21:44:50 UTC 2021,$$CLIENT_1ZF,191020214,1,28.456928,77.053406,180322165522,A,21,50,57372,234,9,0.89,0,0,21,0,0,0,0,0,0,0,0,0,0,1,1,0,0,0,0,0,0,0,0,0,0,0,0,0,0,0,0,0,0,0,0,14018,4036,*05
Mon Feb 15 21:44:50 UTC 2021,$$CLIENT_1ZF,191020214,1,28.456701,77.054047,180322165522,A,21,50,57372,234,9,0.89,0,0,21,0,0,0,0,0,0,0,0,0,0,1,1,0,0,0,0,0,0,0,0,0,0,0,0,0,0,0,0,0,0,0,0,14018,4036,*05
Mon Feb 15 21:44:50 UTC 2021,$$CLIENT_1ZF,191020214,1,28.456383,77.055031,180322165522,A,21,60,57372,234,9,0.89,0,0,21,0,0,0,0,0,0,0,0,0,0,1,1,0,0,0,0,0,0,0,0,0,0,0,0,0,0,0,0,0,0,0,0,14018,4036,*05
Mon Feb 15 21:44:50 UTC 2021,$$CLIENT_1ZF,191020214,1,28.455866,77.055817,180322165522,A,21,50,57372,234,9,0.89,0,0,21,0,0,0,0,0,0,0,0,0,0,1,1,0,0,0,0,0,0,0,0,0,0,0,0,0,0,0,0,0,0,0,0,14018,4036,*05
Mon Feb 15 21:44:50 UTC 2021,$$CLIENT_1ZF,191020214,1,28.455944,77.056046,180322165522,A,21,50,57372,234,9,0.89,0,0,21,0,0,0,0,0,0,0,0,0,0,1,1,0,0,0,0,0,0,0,0,0,0,0,0,0,0,0,0,0,0,0,0,14018,4036,*05
Mon Feb 15 21:44:50 UTC 2021,$$CLIENT_1ZF,191020214,1,28.456327,77.056465,180322165522,A,21,50,57372,234,9,0.89,0,0,21,0,0,0,0,0,0,0,0,0,0,1,1,0,0,0,0,0,0,0,0,0,0,0,0,0,0,0,0,0,0,0,0,14018,4036,*05
Mon Feb 15 21:44:50 UTC 2021,$$CLIENT_1ZF,191020214,1,28.456972,77.057098,180322165522,A,21,50,57372,234,9,0.89,0,0,21,0,0,0,0,0,0,0,0,0,0,1,1,0,0,0,0,0,0,0,0,0,0,0,0,0,0,0,0,0,0,0,0,14018,4036,*05
Mon Feb 15 21:44:50 UTC 2021,$$CLIENT_1ZF,191020214,1,28.45771,77.057762,180322165522,A,21,50,57372,234,9,0.89,0,0,21,0,0,0,0,0,0,0,0,0,0,1,1,0,0,0,0,0,0,0,0,0,0,0,0,0,0,0,0,0,0,0,0,14018,4036,*05
Mon Feb 15 21:44:50 UTC 2021,$$CLIENT_1ZF,191020214,1,28.457903,77.057899,180322165522,A,21,60,57372,234,9,0.89,0,0,21,0,0,0,0,0,0,0,0,0,0,1,1,0,0,0,0,0,0,0,0,0,0,0,0,0,0,0,0,0,0,0,0,14018,4036,*05
Mon Feb 15 21:44:50 UTC 2021,$$CLIENT_1ZF,191020214,1,28.457918,77.057915,180322165522,A,21,50,57372,234,9,0.89,0,0,21,0,0,0,0,0,0,0,0,0,0,1,1,0,0,0,0,0,0,0,0,0,0,0,0,0,0,0,0,0,0,0,0,14018,4036,*05
Mon Feb 15 21:44:50 UTC 2021,$$CLIENT_1ZF,191020214,1,28.457914,77.057907,180322165522,A,21,50,57372,234,9,0.89,0,0,21,0,0,0,0,0,0,0,0,0,0,1,1,0,0,0,0,0,0,0,0,0,0,0,0,0,0,0,0,0,0,0,0,14018,4036,*05
Mon Feb 15 21:44:50 UTC 2021,$$CLIENT_1ZF,191020214,1,28.457914,77.057899,180322165522,A,21,50,57372,234,9,0.89,0,0,21,0,0,0,0,0,0,0,0,0,0,1,1,0,0,0,0,0,0,0,0,0,0,0,0,0,0,0,0,0,0,0,0,14018,4036,*05
Mon Feb 15 21:44:50 UTC 2021,$$CLIENT_1ZF,191020214,1,28.45792,77.057899,180322165522,A,21,50,57372,234,9,0.89,0,0,21,0,0,0,0,0,0,0,0,0,0,1,1,0,0,0,0,0,0,0,0,0,0,0,0,0,0,0,0,0,0,0,0,14018,4036,*05
Mon Feb 15 21:44:50 UTC 2021,$$CLIENT_1ZF,191020214,1,28.457922,77.057892,180322165522,A,21,50,57372,234,9,0.89,0,0,21,0,0,0,0,0,0,0,0,0,0,1,1,0,0,0,0,0,0,0,0,0,0,0,0,0,0,0,0,0,0,0,0,14018,4036,*05
Mon Feb 15 21:44:50 UTC 2021,$$CLIENT_1ZF,191020214,1,28.457918,77.057899,180322165522,A,21,60,57372,234,9,0.89,0,0,21,0,0,0,0,0,0,0,0,0,0,1,1,0,0,0,0,0,0,0,0,0,0,0,0,0,0,0,0,0,0,0,0,14018,4036,*05
Mon Feb 15 21:44:50 UTC 2021,$$CLIENT_1ZF,191020214,1,28.457916,77.057899,180322165522,A,21,50,57372,234,9,0.89,0,0,21,0,0,0,0,0,0,0,0,0,0,1,1,0,0,0,0,0,0,0,0,0,0,0,0,0,0,0,0,0,0,0,0,14018,4036,*05
Mon Feb 15 21:44:50 UTC 2021,$$CLIENT_1ZF,191020214,1,28.457952,77.057938,180322165522,A,21,50,57372,234,9,0.89,0,0,21,0,0,0,0,0,0,0,0,0,0,1,1,0,0,0,0,0,0,0,0,0,0,0,0,0,0,0,0,0,0,0,0,14018,4036,*05
Mon Feb 15 21:44:50 UTC 2021,$$CLIENT_1ZF,191020214,1,28.458019,77.058022,180322165522,A,21,50,57372,234,9,0.89,0,0,21,0,0,0,0,0,0,0,0,0,0,1,1,0,0,0,0,0,0,0,0,0,0,0,0,0,0,0,0,0,0,0,0,14018,4036,*05
Mon Feb 15 21:44:50 UTC 2021,$$CLIENT_1ZF,191020214,1,28.458162,77.058151,180322165522,A,21,50,57372,234,9,0.89,0,0,21,0,0,0,0,0,0,0,0,0,0,1,1,0,0,0,0,0,0,0,0,0,0,0,0,0,0,0,0,0,0,0,0,14018,4036,*05
Mon Feb 15 21:44:50 UTC 2021,$$CLIENT_1ZF,191020214,1,28.458422,77.058418,180322165522,A,21,50,57372,234,9,0.89,0,0,21,0,0,0,0,0,0,0,0,0,0,1,1,0,0,0,0,0,0,0,0,0,0,0,0,0,0,0,0,0,0,0,0,14018,4036,*05
Mon Feb 15 21:44:50 UTC 2021,$$CLIENT_1ZF,191020214,1,28.458389,77.058556,180322165522,A,21,60,57372,234,9,0.89,0,0,21,0,0,0,0,0,0,0,0,0,0,1,1,0,0,0,0,0,0,0,0,0,0,0,0,0,0,0,0,0,0,0,0,14018,4036,*05
Mon Feb 15 21:44:50 UTC 2021,$$CLIENT_1ZF,191020214,1,28.458416,77.058502,180322165522,A,21,50,57372,234,9,0.89,0,0,21,0,0,0,0,0,0,0,0,0,0,1,1,0,0,0,0,0,0,0,0,0,0,0,0,0,0,0,0,0,0,0,0,14018,4036,*05
Mon Feb 15 21:44:50 UTC 2021,$$CLIENT_1ZF,191020214,1,28.458462,77.058411,180322165522,A,21,50,57372,234,9,0.89,0,0,21,0,0,0,0,0,0,0,0,0,0,1,1,0,0,0,0,0,0,0,0,0,0,0,0,0,0,0,0,0,0,0,0,14018,4036,*05
Mon Feb 15 21:44:50 UTC 2021,$$CLIENT_1ZF,191020214,1,28.458393,77.058411,180322165522,A,21,50,57372,234,9,0.89,0,0,21,0,0,0,0,0,0,0,0,0,0,1,1,0,0,0,0,0,0,0,0,0,0,0,0,0,0,0,0,0,0,0,0,14018,4036,*05
Mon Feb 15 21:44:50 UTC 2021,$$CLIENT_1ZF,191020214,1,28.458174,77.058167,180322165522,A,21,50,57372,234,9,0.89,0,0,21,0,0,0,0,0,0,0,0,0,0,1,1,0,0,0,0,0,0,0,0,0,0,0,0,0,0,0,0,0,0,0,0,14018,4036,*05
Mon Feb 15 21:44:50 UTC 2021,$$CLIENT_1ZF,191020214,1,28.457939,77.057968,180322165522,A,21,50,57372,234,9,0.89,0,0,21,0,0,0,0,0,0,0,0,0,0,1,1,0,0,0,0,0,0,0,0,0,0,0,0,0,0,0,0,0,0,0,0,14018,4036,*05
Mon Feb 15 21:44:50 UTC 2021,$$CLIENT_1ZF,191020214,1,28.457623,77.057693,180322165522,A,21,60,57372,234,9,0.89,0,0,21,0,0,0,0,0,0,0,0,0,0,1,1,0,0,0,0,0,0,0,0,0,0,0,0,0,0,0,0,0,0,0,0,14018,4036,*05
Mon Feb 15 21:44:50 UTC 2021,$$CLIENT_1ZF,191020214,1,28.457016,77.057152,180322165522,A,21,50,57372,234,9,0.89,0,0,21,0,0,0,0,0,0,0,0,0,0,1,1,0,0,0,0,0,0,0,0,0,0,0,0,0,0,0,0,0,0,0,0,14018,4036,*05
Mon Feb 15 21:44:50 UTC 2021,$$CLIENT_1ZF,191020214,1,28.456434,77.056564,180322165522,A,21,50,57372,234,9,0.89,0,0,21,0,0,0,0,0,0,0,0,0,0,1,1,0,0,0,0,0,0,0,0,0,0,0,0,0,0,0,0,0,0,0,0,14018,4036,*05
Mon Feb 15 21:44:50 UTC 2021,$$CLIENT_1ZF,191020214,1,28.456039,77.056137,180322165522,A,21,50,57372,234,9,0.89,0,0,21,0,0,0,0,0,0,0,0,0,0,1,1,0,0,0,0,0,0,0,0,0,0,0,0,0,0,0,0,0,0,0,0,14018,4036,*05
Mon Feb 15 21:44:50 UTC 2021,$$CLIENT_1ZF,191020214,1,28.455835,77.055977,180322165522,A,21,50,57372,234,9,0.89,0,0,21,0,0,0,0,0,0,0,0,0,0,1,1,0,0,0,0,0,0,0,0,0,0,0,0,0,0,0,0,0,0,0,0,14018,4036,*05
Mon Feb 15 21:44:50 UTC 2021,$$CLIENT_1ZF,191020214,1,28.455658,77.056122,180322165522,A,21,50,57372,234,9,0.89,0,0,21,0,0,0,0,0,0,0,0,0,0,1,1,0,0,0,0,0,0,0,0,0,0,0,0,0,0,0,0,0,0,0,0,14018,4036,*05
Mon Feb 15 21:44:50 UTC 2021,$$CLIENT_1ZF,191020214,1,28.455364,77.056519,180322165522,A,21,50,57372,234,9,0.89,0,0,21,0,0,0,0,0,0,0,0,0,0,1,1,0,0,0,0,0,0,0,0,0,0,0,0,0,0,0,0,0,0,0,0,14018,4036,*05
Mon Feb 15 21:44:50 UTC 2021,$$CLIENT_1ZF,191020214,1,28.454834,77.057228,180322165522,A,21,60,57372,234,9,0.89,0,0,21,0,0,0,0,0,0,0,0,0,0,1,1,0,0,0,0,0,0,0,0,0,0,0,0,0,0,0,0,0,0,0,0,14018,4036,*05
Mon Feb 15 21:44:50 UTC 2021,$$CLIENT_1ZF,191020214,1,28.454287,77.058014,180322165522,A,21,50,57372,234,9,0.89,0,0,21,0,0,0,0,0,0,0,0,0,0,1,1,0,0,0,0,0,0,0,0,0,0,0,0,0,0,0,0,0,0,0,0,14018,4036,*05
Mon Feb 15 21:44:50 UTC 2021,$$CLIENT_1ZF,191020214,1,28.453899,77.058533,180322165522,A,21,50,57372,234,9,0.89,0,0,21,0,0,0,0,0,0,0,0,0,0,1,1,0,0,0,0,0,0,0,0,0,0,0,0,0,0,0,0,0,0,0,0,14018,4036,*05
Mon Feb 15 21:44:50 UTC 2021,$$CLIENT_1ZF,191020214,1,28.453262,77.059364,180322165522,A,21,50,57372,234,9,0.89,0,0,21,0,0,0,0,0,0,0,0,0,0,1,1,0,0,0,0,0,0,0,0,0,0,0,0,0,0,0,0,0,0,0,0,14018,4036,*05
Mon Feb 15 21:44:50 UTC 2021,$$CLIENT_1ZF,191020214,1,28.452578,77.060287,180322165522,A,21,50,57372,234,9,0.89,0,0,21,0,0,0,0,0,0,0,0,0,0,1,1,0,0,0,0,0,0,0,0,0,0,0,0,0,0,0,0,0,0,0,0,14018,4036,*05
Mon Feb 15 21:44:50 UTC 2021,$$CLIENT_1ZF,191020214,1,28.452406,77.060501,180322165522,A,21,60,57372,234,9,0.89,0,0,21,0,0,0,0,0,0,0,0,0,0,1,1,0,0,0,0,0,0,0,0,0,0,0,0,0,0,0,0,0,0,0,0,14018,4036,*05
Mon Feb 15 21:44:50 UTC 2021,$$CLIENT_1ZF,191020214,1,28.452374,77.060547,180322165522,A,21,50,57372,234,9,0.89,0,0,21,0,0,0,0,0,0,0,0,0,0,1,1,0,0,0,0,0,0,0,0,0,0,0,0,0,0,0,0,0,0,0,0,14018,4036,*05
Mon Feb 15 21:44:50 UTC 2021,$$CLIENT_1ZF,191020214,1,28.452282,77.060669,180322165522,A,21,50,57372,234,9,0.89,0,0,21,0,0,0,0,0,0,0,0,0,0,1,1,0,0,0,0,0,0,0,0,0,0,0,0,0,0,0,0,0,0,0,0,14018,4036,*05
Mon Feb 15 21:44:50 UTC 2021,$$CLIENT_1ZF,191020214,1,28.452108,77.060944,180322165522,A,21,50,57372,234,9,0.89,0,0,21,0,0,0,0,0,0,0,0,0,0,1,1,0,0,0,0,0,0,0,0,0,0,0,0,0,0,0,0,0,0,0,0,14018,4036,*05
Mon Feb 15 21:44:50 UTC 2021,$$CLIENT_1ZF,191020214,1,28.452034,77.06105,180322165522,A,21,50,57372,234,9,0.89,0,0,21,0,0,0,0,0,0,0,0,0,0,1,1,0,0,0,0,0,0,0,0,0,0,0,0,0,0,0,0,0,0,0,0,14018,4036,*05
Mon Feb 15 21:44:50 UTC 2021,$$CLIENT_1ZF,191020214,1,28.452047,77.061058,180322165522,A,21,60,57372,234,9,0.89,0,0,21,0,0,0,0,0,0,0,0,0,0,1,1,0,0,0,0,0,0,0,0,0,0,0,0,0,0,0,0,0,0,0,0,14018,4036,*05
Mon Feb 15 21:44:50 UTC 2021,$$CLIENT_1ZF,191020214,1,28.452047,77.061058,180322165522,A,21,50,57372,234,9,0.89,0,0,21,0,0,0,0,0,0,0,0,0,0,1,1,0,0,0,0,0,0,0,0,0,0,0,0,0,0,0,0,0,0,0,0,14018,4036,*05
Mon Feb 15 21:44:50 UTC 2021,$$CLIENT_1ZF,191020214,1,28.452049,77.06105,180322165522,A,21,50,57372,234,9,0.89,0,0,21,0,0,0,0,0,0,0,0,0,0,1,1,0,0,0,0,0,0,0,0,0,0,0,0,0,0,0,0,0,0,0,0,14018,4036,*05
Mon Feb 15 21:44:50 UTC 2021,$$CLIENT_1ZF,191020214,1,28.452044,77.06105,180322165522,A,21,50,57372,234,9,0.89,0,0,21,0,0,0,0,0,0,0,0,0,0,1,1,0,0,0,0,0,0,0,0,0,0,0,0,0,0,0,0,0,0,0,0,14018,4036,*05
Mon Feb 15 21:44:50 UTC 2021,$$CLIENT_1ZF,191020214,1,28.45204,77.061043,180322165522,A,21,50,57372,234,9,0.89,0,0,21,0,0,0,0,0,0,0,0,0,0,1,1,0,0,0,0,0,0,0,0,0,0,0,0,0,0,0,0,0,0,0,0,14018,4036,*05
Mon Feb 15 21:44:50 UTC 2021,$$CLIENT_1ZF,191020214,1,28.45192,77.061195,180322165522,A,21,50,57372,234,9,0.89,0,0,21,0,0,0,0,0,0,0,0,0,0,1,1,0,0,0,0,0,0,0,0,0,0,0,0,0,0,0,0,0,0,0,0,14018,4036,*05
Mon Feb 15 21:44:50 UTC 2021,$$CLIENT_1ZF,191020214,1,28.451546,77.061668,180322165522,A,21,60,57372,234,9,0.89,0,0,21,0,0,0,0,0,0,0,0,0,0,1,1,0,0,0,0,0,0,0,0,0,0,0,0,0,0,0,0,0,0,0,0,14018,4036,*05
Mon Feb 15 21:44:50 UTC 2021,$$CLIENT_1ZF,191020214,1,28.450928,77.062485,180322165522,A,21,50,57372,234,9,0.89,0,0,21,0,0,0,0,0,0,0,0,0,0,1,1,0,0,0,0,0,0,0,0,0,0,0,0,0,0,0,0,0,0,0,0,14018,4036,*05
Mon Feb 15 21:44:50 UTC 2021,$$CLIENT_1ZF,191020214,1,28.450247,77.063408,180322165522,A,21,50,57372,234,9,0.89,0,0,21,0,0,0,0,0,0,0,0,0,0,1,1,0,0,0,0,0,0,0,0,0,0,0,0,0,0,0,0,0,0,0,0,14018,4036,*05
Mon Feb 15 21:44:50 UTC 2021,$$CLIENT_1ZF,191020214,1,28.44976,77.063927,180322165522,A,21,50,57372,234,9,0.89,0,0,21,0,0,0,0,0,0,0,0,0,0,1,1,0,0,0,0,0,0,0,0,0,0,0,0,0,0,0,0,0,0,0,0,14018,4036,*05
Mon Feb 15 21:44:50 UTC 2021,$$CLIENT_1ZF,191020214,1,28.449297,77.063545,180322165522,A,21,50,57372,234,9,0.89,0,0,21,0,0,0,0,0,0,0,0,0,0,1,1,0,0,0,0,0,0,0,0,0,0,0,0,0,0,0,0,0,0,0,0,14018,4036,*05
Mon Feb 15 21:44:50 UTC 2021,$$CLIENT_1ZF,191020214,1,28.448584,77.062836,180322165522,A,21,60,57372,234,9,0.89,0,0,21,0,0,0,0,0,0,0,0,0,0,1,1,0,0,0,0,0,0,0,0,0,0,0,0,0,0,0,0,0,0,0,0,14018,4036,*05
Mon Feb 15 21:44:50 UTC 2021,$$CLIENT_1ZF,191020214,1,28.447695,77.061996,180322165522,A,21,50,57372,234,9,0.89,0,0,21,0,0,0,0,0,0,0,0,0,0,1,1,0,0,0,0,0,0,0,0,0,0,0,0,0,0,0,0,0,0,0,0,14018,4036,*05
Mon Feb 15 21:44:50 UTC 2021,$$CLIENT_1ZF,191020214,1,28.446999,77.061325,180322165522,A,21,50,57372,234,9,0.89,0,0,21,0,0,0,0,0,0,0,0,0,0,1,1,0,0,0,0,0,0,0,0,0,0,0,0,0,0,0,0,0,0,0,0,14018,4036,*05
Mon Feb 15 21:44:50 UTC 2021,$$CLIENT_1ZF,191020214,1,28.44688,77.061218,180322165522,A,21,50,57372,234,9,0.89,0,0,21,0,0,0,0,0,0,0,0,0,0,1,1,0,0,0,0,0,0,0,0,0,0,0,0,0,0,0,0,0,0,0,0,14018,4036,*05
Mon Feb 15 21:44:50 UTC 2021,$$CLIENT_1ZF,191020214,1,28.446871,77.061226,180322165522,A,21,50,57372,234,9,0.89,0,0,21,0,0,0,0,0,0,0,0,0,0,1,1,0,0,0,0,0,0,0,0,0,0,0,0,0,0,0,0,0,0,0,0,14018,4036,*05
Mon Feb 15 21:44:50 UTC 2021,$$CLIENT_1ZF,191020214,1,28.446869,77.061226,180322165522,A,21,50,57372,234,9,0.89,0,0,21,0,0,0,0,0,0,0,0,0,0,1,1,0,0,0,0,0,0,0,0,0,0,0,0,0,0,0,0,0,0,0,0,14018,4036,*05
Mon Feb 15 21:44:50 UTC 2021,$$CLIENT_1ZF,191020214,1,28.446758,77.061111,180322165522,A,21,60,57372,234,9,0.89,0,0,21,0,0,0,0,0,0,0,0,0,0,1,1,0,0,0,0,0,0,0,0,0,0,0,0,0,0,0,0,0,0,0,0,14018,4036,*05
Mon Feb 15 21:44:50 UTC 2021,$$CLIENT_1ZF,191020214,1,28.446344,77.060692,180322165522,A,21,50,57372,234,9,0.89,0,0,21,0,0,0,0,0,0,0,0,0,0,1,1,0,0,0,0,0,0,0,0,0,0,0,0,0,0,0,0,0,0,0,0,14018,4036,*05
Mon Feb 15 21:44:50 UTC 2021,$$CLIENT_1ZF,191020214,1,28.44562,77.05999,180322165522,A,21,50,57372,234,9,0.89,0,0,21,0,0,0,0,0,0,0,0,0,0,1,1,0,0,0,0,0,0,0,0,0,0,0,0,0,0,0,0,0,0,0,0,14018,4036,*05
Mon Feb 15 21:44:50 UTC 2021,$$CLIENT_1ZF,191020214,1,28.444935,77.059326,180322165522,A,21,50,57372,234,9,0.89,0,0,21,0,0,0,0,0,0,0,0,0,0,1,1,0,0,0,0,0,0,0,0,0,0,0,0,0,0,0,0,0,0,0,0,14018,4036,*05
Mon Feb 15 21:44:50 UTC 2021,$$CLIENT_1ZF,191020214,1,28.444323,77.058754,180322165522,A,21,50,57372,234,9,0.89,0,0,21,0,0,0,0,0,0,0,0,0,0,1,1,0,0,0,0,0,0,0,0,0,0,0,0,0,0,0,0,0,0,0,0,14018,4036,*05
Mon Feb 15 21:44:50 UTC 2021,$$CLIENT_1ZF,191020214,1,28.444174,77.058617,180322165522,A,21,60,57372,234,9,0.89,0,0,21,0,0,0,0,0,0,0,0,0,0,1,1,0,0,0,0,0,0,0,0,0,0,0,0,0,0,0,0,0,0,0,0,14018,4036,*05
Mon Feb 15 21:44:50 UTC 2021,$$CLIENT_1ZF,191020214,1,28.444115,77.058563,180322165522,A,21,50,57372,234,9,0.89,0,0,21,0,0,0,0,0,0,0,0,0,0,1,1,0,0,0,0,0,0,0,0,0,0,0,0,0,0,0,0,0,0,0,0,14018,4036,*05
Mon Feb 15 21:44:50 UTC 2021,$$CLIENT_1ZF,191020214,1,28.4438,77.058258,180322165522,A,21,50,57372,234,9,0.89,0,0,21,0,0,0,0,0,0,0,0,0,0,1,1,0,0,0,0,0,0,0,0,0,0,0,0,0,0,0,0,0,0,0,0,14018,4036,*05
Mon Feb 15 21:44:50 UTC 2021,$$CLIENT_1ZF,191020214,1,28.443295,77.057755,180322165522,A,21,50,57372,234,9,0.89,0,0,21,0,0,0,0,0,0,0,0,0,0,1,1,0,0,0,0,0,0,0,0,0,0,0,0,0,0,0,0,0,0,0,0,14018,4036,*05
Mon Feb 15 21:44:50 UTC 2021,$$CLIENT_1ZF,191020214,1,28.442652,77.057137,180322165522,A,21,50,57372,234,9,0.89,0,0,21,0,0,0,0,0,0,0,0,0,0,1,1,0,0,0,0,0,0,0,0,0,0,0,0,0,0,0,0,0,0,0,0,14018,4036,*05
Mon Feb 15 21:44:50 UTC 2021,$$CLIENT_1ZF,191020214,1,28.442055,77.056587,180322165522,A,21,50,57372,234,9,0.89,0,0,21,0,0,0,0,0,0,0,0,0,0,1,1,0,0,0,0,0,0,0,0,0,0,0,0,0,0,0,0,0,0,0,0,14018,4036,*05
Mon Feb 15 21:44:50 UTC 2021,$$CLIENT_1ZF,191020214,1,28.441769,77.056335,180322165522,A,21,60,57372,234,9,0.89,0,0,21,0,0,0,0,0,0,0,0,0,0,1,1,0,0,0,0,0,0,0,0,0,0,0,0,0,0,0,0,0,0,0,0,14018,4036,*05
Mon Feb 15 21:44:50 UTC 2021,$$CLIENT_1ZF,191020214,1,28.441746,77.056313,180322165522,A,21,50,57372,234,9,0.89,0,0,21,0,0,0,0,0,0,0,0,0,0,1,1,0,0,0,0,0,0,0,0,0,0,0,0,0,0,0,0,0,0,0,0,14018,4036,*05
Mon Feb 15 21:44:50 UTC 2021,$$CLIENT_1ZF,191020214,1,28.44173,77.056297,180322165522,A,21,50,57372,234,9,0.89,0,0,21,0,0,0,0,0,0,0,0,0,0,1,1,0,0,0,0,0,0,0,0,0,0,0,0,0,0,0,0,0,0,0,0,14018,4036,*05
Mon Feb 15 21:44:50 UTC 2021,$$CLIENT_1ZF,191020214,1,28.441723,77.056305,180322165522,A,21,50,57372,234,9,0.89,0,0,21,0,0,0,0,0,0,0,0,0,0,1,1,0,0,0,0,0,0,0,0,0,0,0,0,0,0,0,0,0,0,0,0,14018,4036,*05
Mon Feb 15 21:44:50 UTC 2021,$$CLIENT_1ZF,191020214,1,28.441675,77.056221,180322165522,A,21,50,57372,234,9,0.89,0,0,21,0,0,0,0,0,0,0,0,0,0,1,1,0,0,0,0,0,0,0,0,0,0,0,0,0,0,0,0,0,0,0,0,14018,4036,*05
Mon Feb 15 21:44:50 UTC 2021,$$CLIENT_1ZF,191020214,1,28.441351,77.055885,180322165522,A,21,60,57372,234,9,0.89,0,0,21,0,0,0,0,0,0,0,0,0,0,1,1,0,0,0,0,0,0,0,0,0,0,0,0,0,0,0,0,0,0,0,0,14018,4036,*05
Mon Feb 15 21:44:50 UTC 2021,$$CLIENT_1ZF,191020214,1,28.440876,77.055412,180322165522,A,21,50,57372,234,9,0.89,0,0,21,0,0,0,0,0,0,0,0,0,0,1,1,0,0,0,0,0,0,0,0,0,0,0,0,0,0,0,0,0,0,0,0,14018,4036,*05
Mon Feb 15 21:44:50 UTC 2021,$$CLIENT_1ZF,191020214,1,28.44083,77.055367,180322165522,A,21,50,57372,234,9,0.89,0,0,21,0,0,0,0,0,0,0,0,0,0,1,1,0,0,0,0,0,0,0,0,0,0,0,0,0,0,0,0,0,0,0,0,14018,4036,*05
Mon Feb 15 21:44:50 UTC 2021,$$CLIENT_1ZF,191020214,1,28.44083,77.055367,180322165522,A,21,50,57372,234,9,0.89,0,0,21,0,0,0,0,0,0,0,0,0,0,1,1,0,0,0,0,0,0,0,0,0,0,0,0,0,0,0,0,0,0,0,0,14018,4036,*05
Mon Feb 15 21:44:50 UTC 2021,$$CLIENT_1ZF,191020214,1,28.44083,77.055367,180322165522,A,21,60,57372,234,9,0.89,0,0,21,0,0,0,0,0,0,0,0,0,0,1,1,0,0,0,0,0,0,0,0,0,0,0,0,0,0,0,0,0,0,0,0,14018,4036,*05
Mon Feb 15 21:44:50 UTC 2021,$$CLIENT_1ZF,191020214,1,28.440828,77.055374,180322165522,A,21,50,57372,234,9,0.89,0,0,21,0,0,0,0,0,0,0,0,0,0,1,1,0,0,0,0,0,0,0,0,0,0,0,0,0,0,0,0,0,0,0,0,14018,4036,*05
Mon Feb 15 21:44:50 UTC 2021,$$CLIENT_1ZF,191020214,1,28.440825,77.055367,180322165522,A,21,50,57372,234,9,0.89,0,0,21,0,0,0,0,0,0,0,0,0,0,1,1,0,0,0,0,0,0,0,0,0,0,0,0,0,0,0,0,0,0,0,0,14018,4036,*05
Mon Feb 15 21:44:50 UTC 2021,$$CLIENT_1ZF,191020214,1,28.440819,77.055367,180322165522,A,21,50,57372,234,9,0.89,0,0,21,0,0,0,0,0,0,0,0,0,0,1,1,0,0,0,0,0,0,0,0,0,0,0,0,0,0,0,0,0,0,0,0,14018,4036,*05
Mon Feb 15 21:44:50 UTC 2021,$$CLIENT_1ZF,191020214,1,28.440733,77.055275,180322165522,A,21,50,57372,234,9,0.89,0,0,21,0,0,0,0,0,0,0,0,0,0,1,1,0,0,0,0,0,0,0,0,0,0,0,0,0,0,0,0,0,0,0,0,14018,4036,*05
Mon Feb 15 21:44:50 UTC 2021,$$CLIENT_1ZF,191020214,1,28.440567,77.055115,180322165522,A,21,60,57372,234,9,0.89,0,0,21,0,0,0,0,0,0,0,0,0,0,1,1,0,0,0,0,0,0,0,0,0,0,0,0,0,0,0,0,0,0,0,0,14018,4036,*05
Mon Feb 15 21:44:50 UTC 2021,$$CLIENT_1ZF,191020214,1,28.4405,77.055046,180322165522,A,21,50,57372,234,9,0.89,0,0,21,0,0,0,0,0,0,0,0,0,0,1,1,0,0,0,0,0,0,0,0,0,0,0,0,0,0,0,0,0,0,0,0,14018,4036,*05
Mon Feb 15 21:44:50 UTC 2021,$$CLIENT_1ZF,191020214,1,28.440458,77.055,180322165522,A,21,50,57372,234,9,0.89,0,0,21,0,0,0,0,0,0,0,0,0,0,1,1,0,0,0,0,0,0,0,0,0,0,0,0,0,0,0,0,0,0,0,0,14018,4036,*05
Mon Feb 15 21:44:50 UTC 2021,$$CLIENT_1ZF,191020214,1,28.440453,77.054993,180322165522,A,21,50,57372,234,9,0.89,0,0,21,0,0,0,0,0,0,0,0,0,0,1,1,0,0,0,0,0,0,0,0,0,0,0,0,0,0,0,0,0,0,0,0,14018,4036,*05
Mon Feb 15 21:44:50 UTC 2021,$$CLIENT_1ZF,191020214,1,28.440456,77.054993,180322165522,A,21,50,57372,234,9,0.89,0,0,21,0,0,0,0,0,0,0,0,0,0,1,1,0,0,0,0,0,0,0,0,0,0,0,0,0,0,0,0,0,0,0,0,14018,4036,*05
Mon Feb 15 21:44:50 UTC 2021,$$CLIENT_1ZF,191020214,1,28.44046,77.054993,180322165522,A,21,50,57372,234,9,0.89,0,0,21,0,0,0,0,0,0,0,0,0,0,1,1,0,0,0,0,0,0,0,0,0,0,0,0,0,0,0,0,0,0,0,0,14018,4036,*05
Mon Feb 15 21:44:50 UTC 2021,$$CLIENT_1ZF,191020214,1,28.440466,77.054993,180322165522,A,21,60,57372,234,9,0.89,0,0,21,0,0,0,0,0,0,0,0,0,0,1,1,0,0,0,0,0,0,0,0,0,0,0,0,0,0,0,0,0,0,0,0,14018,4036,*05
Mon Feb 15 21:44:50 UTC 2021,$$CLIENT_1ZF,191020214,1,28.440472,77.054993,180322165522,A,21,50,57372,234,9,0.89,0,0,21,0,0,0,0,0,0,0,0,0,0,1,1,0,0,0,0,0,0,0,0,0,0,0,0,0,0,0,0,0,0,0,0,14018,4036,*05
Mon Feb 15 21:44:50 UTC 2021,$$CLIENT_1ZF,191020214,1,28.440474,77.055,180322165522,A,21,50,57372,234,9,0.89,0,0,21,0,0,0,0,0,0,0,0,0,0,1,1,0,0,0,0,0,0,0,0,0,0,0,0,0,0,0,0,0,0,0,0,14018,4036,*05
Mon Feb 15 21:44:50 UTC 2021,$$CLIENT_1ZF,191020214,1,28.440475,77.055,180322165522,A,21,50,57372,234,9,0.89,0,0,21,0,0,0,0,0,0,0,0,0,0,1,1,0,0,0,0,0,0,0,0,0,0,0,0,0,0,0,0,0,0,0,0,14018,4036,*05
Mon Feb 15 21:44:50 UTC 2021,$$CLIENT_1ZF,191020214,1,28.440453,77.054977,180322165522,A,21,50,57372,234,9,0.89,0,0,21,0,0,0,0,0,0,0,0,0,0,1,1,0,0,0,0,0,0,0,0,0,0,0,0,0,0,0,0,0,0,0,0,14018,4036,*05
Mon Feb 15 21:44:50 UTC 2021,$$CLIENT_1ZF,191020214,1,28.440115,77.054665,180322165522,A,21,60,57372,234,9,0.89,0,0,21,0,0,0,0,0,0,0,0,0,0,1,1,0,0,0,0,0,0,0,0,0,0,0,0,0,0,0,0,0,0,0,0,14018,4036,*05
Mon Feb 15 21:44:50 UTC 2021,$$CLIENT_1ZF,191020214,1,28.439634,77.054199,180322165522,A,21,50,57372,234,9,0.89,0,0,21,0,0,0,0,0,0,0,0,0,0,1,1,0,0,0,0,0,0,0,0,0,0,0,0,0,0,0,0,0,0,0,0,14018,4036,*05
Mon Feb 15 21:44:50 UTC 2021,$$CLIENT_1ZF,191020214,1,28.43898,77.053543,180322165522,A,21,50,57372,234,9,0.89,0,0,21,0,0,0,0,0,0,0,0,0,0,1,1,0,0,0,0,0,0,0,0,0,0,0,0,0,0,0,0,0,0,0,0,14018,4036,*05
Mon Feb 15 21:44:50 UTC 2021,$$CLIENT_1ZF,191020214,1,28.438259,77.052872,180322165522,A,21,50,57372,234,9,0.89,0,0,21,0,0,0,0,0,0,0,0,0,0,1,1,0,0,0,0,0,0,0,0,0,0,0,0,0,0,0,0,0,0,0,0,14018,4036,*05
Mon Feb 15 21:44:50 UTC 2021,$$CLIENT_1ZF,191020214,1,28.437927,77.052528,180322165522,A,21,50,57372,234,9,0.89,0,0,21,0,0,0,0,0,0,0,0,0,0,1,1,0,0,0,0,0,0,0,0,0,0,0,0,0,0,0,0,0,0,0,0,14018,4036,*05
Mon Feb 15 21:44:50 UTC 2021,$$CLIENT_1ZF,191020214,1,28.437347,77.051971,180322165522,A,21,60,57372,234,9,0.89,0,0,21,0,0,0,0,0,0,0,0,0,0,1,1,0,0,0,0,0,0,0,0,0,0,0,0,0,0,0,0,0,0,0,0,14018,4036,*05
Mon Feb 15 21:44:50 UTC 2021,$$CLIENT_1ZF,191020214,1,28.436705,77.051361,180322165522,A,21,50,57372,234,9,0.89,0,0,21,0,0,0,0,0,0,0,0,0,0,1,1,0,0,0,0,0,0,0,0,0,0,0,0,0,0,0,0,0,0,0,0,14018,4036,*05
Mon Feb 15 21:44:50 UTC 2021,$$CLIENT_1ZF,191020214,1,28.436035,77.050735,180322165522,A,21,50,57372,234,9,0.89,0,0,21,0,0,0,0,0,0,0,0,0,0,1,1,0,0,0,0,0,0,0,0,0,0,0,0,0,0,0,0,0,0,0,0,14018,4036,*05
Mon Feb 15 21:44:50 UTC 2021,$$CLIENT_1ZF,191020214,1,28.435347,77.050194,180322165522,A,21,50,57372,234,9,0.89,0,0,21,0,0,0,0,0,0,0,0,0,0,1,1,0,0,0,0,0,0,0,0,0,0,0,0,0,0,0,0,0,0,0,0,14018,4036,*05
Mon Feb 15 21:44:50 UTC 2021,$$CLIENT_1ZF,191020214,1,28.43491,77.049889,180322165522,A,21,50,57372,234,9,0.89,0,0,21,0,0,0,0,0,0,0,0,0,0,1,1,0,0,0,0,0,0,0,0,0,0,0,0,0,0,0,0,0,0,0,0,14018,4036,*05
Mon Feb 15 21:44:50 UTC 2021,$$CLIENT_1ZF,191020214,1,28.434601,77.049744,180322165522,A,21,60,57372,234,9,0.89,0,0,21,0,0,0,0,0,0,0,0,0,0,1,1,0,0,0,0,0,0,0,0,0,0,0,0,0,0,0,0,0,0,0,0,14018,4036,*05
Mon Feb 15 21:44:50 UTC 2021,$$CLIENT_1ZF,191020214,1,28.43421,77.049957,180322165522,A,21,50,57372,234,9,0.89,0,0,21,0,0,0,0,0,0,0,0,0,0,1,1,0,0,0,0,0,0,0,0,0,0,0,0,0,0,0,0,0,0,0,0,14018,4036,*05
Mon Feb 15 21:44:50 UTC 2021,$$CLIENT_1ZF,191020214,1,28.433727,77.050583,180322165522,A,21,50,57372,234,9,0.89,0,0,21,0,0,0,0,0,0,0,0,0,0,1,1,0,0,0,0,0,0,0,0,0,0,0,0,0,0,0,0,0,0,0,0,14018,4036,*05
Mon Feb 15 21:44:50 UTC 2021,$$CLIENT_1ZF,191020214,1,28.43339,77.051086,180322165522,A,21,50,57372,234,9,0.89,0,0,21,0,0,0,0,0,0,0,0,0,0,1,1,0,0,0,0,0,0,0,0,0,0,0,0,0,0,0,0,0,0,0,0,14018,4036,*05
Mon Feb 15 21:44:50 UTC 2021,$$CLIENT_1ZF,191020214,1,28.433376,77.051094,180322165522,A,21,50,57372,234,9,0.89,0,0,21,0,0,0,0,0,0,0,0,0,0,1,1,0,0,0,0,0,0,0,0,0,0,0,0,0,0,0,0,0,0,0,0,14018,4036,*05
Mon Feb 15 21:44:50 UTC 2021,$$CLIENT_1ZF,191020214,1,28.433367,77.051109,180322165522,A,21,60,57372,234,9,0.89,0,0,21,0,0,0,0,0,0,0,0,0,0,1,1,0,0,0,0,0,0,0,0,0,0,0,0,0,0,0,0,0,0,0,0,14018,4036,*05
Mon Feb 15 21:44:50 UTC 2021,$$CLIENT_1ZF,191020214,1,28.433292,77.051186,180322165522,A,21,50,57372,234,9,0.89,0,0,21,0,0,0,0,0,0,0,0,0,0,1,1,0,0,0,0,0,0,0,0,0,0,0,0,0,0,0,0,0,0,0,0,14018,4036,*05
Mon Feb 15 21:44:50 UTC 2021,$$CLIENT_1ZF,191020214,1,28.4331,77.051407,180322165522,A,21,50,57372,234,9,0.89,0,0,21,0,0,0,0,0,0,0,0,0,0,1,1,0,0,0,0,0,0,0,0,0,0,0,0,0,0,0,0,0,0,0,0,14018,4036,*05
Mon Feb 15 21:44:50 UTC 2021,$$CLIENT_1ZF,191020214,1,28.43269,77.051949,180322165522,A,21,50,57372,234,9,0.89,0,0,21,0,0,0,0,0,0,0,0,0,0,1,1,0,0,0,0,0,0,0,0,0,0,0,0,0,0,0,0,0,0,0,0,14018,4036,*05
Mon Feb 15 21:44:50 UTC 2021,$$CLIENT_1ZF,191020214,1,28.432055,77.052773,180322165522,A,21,50,57372,234,9,0.89,0,0,21,0,0,0,0,0,0,0,0,0,0,1,1,0,0,0,0,0,0,0,0,0,0,0,0,0,0,0,0,0,0,0,0,14018,4036,*05
Mon Feb 15 21:44:50 UTC 2021,$$CLIENT_1ZF,191020214,1,28.431475,77.053558,180322165522,A,21,50,57372,234,9,0.89,0,0,21,0,0,0,0,0,0,0,0,0,0,1,1,0,0,0,0,0,0,0,0,0,0,0,0,0,0,0,0,0,0,0,0,14018,4036,*05
Mon Feb 15 21:44:50 UTC 2021,$$CLIENT_1ZF,191020214,1,28.43121,77.053894,180322165522,A,21,60,57372,234,9,0.89,0,0,21,0,0,0,0,0,0,0,0,0,0,1,1,0,0,0,0,0,0,0,0,0,0,0,0,0,0,0,0,0,0,0,0,14018,4036,*05
Mon Feb 15 21:44:50 UTC 2021,$$CLIENT_1ZF,191020214,1,28.430807,77.054443,180322165522,A,21,50,57372,234,9,0.89,0,0,21,0,0,0,0,0,0,0,0,0,0,1,1,0,0,0,0,0,0,0,0,0,0,0,0,0,0,0,0,0,0,0,0,14018,4036,*05
Mon Feb 15 21:44:50 UTC 2021,$$CLIENT_1ZF,191020214,1,28.430218,77.055222,180322165522,A,21,50,57372,234,9,0.89,0,0,21,0,0,0,0,0,0,0,0,0,0,1,1,0,0,0,0,0,0,0,0,0,0,0,0,0,0,0,0,0,0,0,0,14018,4036,*05
Mon Feb 15 21:44:50 UTC 2021,$$CLIENT_1ZF,191020214,1,28.42956,77.056091,180322165522,A,21,50,57372,234,9,0.89,0,0,21,0,0,0,0,0,0,0,0,0,0,1,1,0,0,0,0,0,0,0,0,0,0,0,0,0,0,0,0,0,0,0,0,14018,4036,*05
Mon Feb 15 21:44:50 UTC 2021,$$CLIENT_1ZF,191020214,1,28.428949,77.0569,180322165522,A,21,50,57372,234,9,0.89,0,0,21,0,0,0,0,0,0,0,0,0,0,1,1,0,0,0,0,0,0,0,0,0,0,0,0,0,0,0,0,0,0,0,0,14018,4036,*05
Mon Feb 15 21:44:50 UTC 2021,$$CLIENT_1ZF,191020214,1,28.428602,77.057343,180322165522,A,21,60,57372,234,9,0.89,0,0,21,0,0,0,0,0,0,0,0,0,0,1,1,0,0,0,0,0,0,0,0,0,0,0,0,0,0,0,0,0,0,0,0,14018,4036,*05
Mon Feb 15 21:44:50 UTC 2021,$$CLIENT_1ZF,191020214,1,28.42857,77.057396,180322165522,A,21,50,57372,234,9,0.89,0,0,21,0,0,0,0,0,0,0,0,0,0,1,1,0,0,0,0,0,0,0,0,0,0,0,0,0,0,0,0,0,0,0,0,14018,4036,*05
Mon Feb 15 21:44:50 UTC 2021,$$CLIENT_1ZF,191020214,1,28.428581,77.057396,180322165522,A,21,50,57372,234,9,0.89,0,0,21,0,0,0,0,0,0,0,0,0,0,1,1,0,0,0,0,0,0,0,0,0,0,0,0,0,0,0,0,0,0,0,0,14018,4036,*05
Mon Feb 15 21:44:50 UTC 2021,$$CLIENT_1ZF,191020214,1,28.428587,77.057404,180322165522,A,21,50,57372,234,9,0.89,0,0,21,0,0,0,0,0,0,0,0,0,0,1,1,0,0,0,0,0,0,0,0,0,0,0,0,0,0,0,0,0,0,0,0,14018,4036,*05
Mon Feb 15 21:44:50 UTC 2021,$$CLIENT_1ZF,191020214,1,28.428577,77.057404,180322165522,A,21,50,57372,234,9,0.89,0,0,21,0,0,0,0,0,0,0,0,0,0,1,1,0,0,0,0,0,0,0,0,0,0,0,0,0,0,0,0,0,0,0,0,14018,4036,*05
Mon Feb 15 21:44:50 UTC 2021,$$CLIENT_1ZF,191020214,1,28.428579,77.057411,180322165522,A,21,50,57372,234,9,0.89,0,0,21,0,0,0,0,0,0,0,0,0,0,1,1,0,0,0,0,0,0,0,0,0,0,0,0,0,0,0,0,0,0,0,0,14018,4036,*05
Mon Feb 15 21:44:50 UTC 2021,$$CLIENT_1ZF,191020214,1,28.428446,77.057587,180322165522,A,21,60,57372,234,9,0.89,0,0,21,0,0,0,0,0,0,0,0,0,0,1,1,0,0,0,0,0,0,0,0,0,0,0,0,0,0,0,0,0,0,0,0,14018,4036,*05
Mon Feb 15 21:44:50 UTC 2021,$$CLIENT_1ZF,191020214,1,28.428087,77.058044,180322165522,A,21,50,57372,234,9,0.89,0,0,21,0,0,0,0,0,0,0,0,0,0,1,1,0,0,0,0,0,0,0,0,0,0,0,0,0,0,0,0,0,0,0,0,14018,4036,*05
Mon Feb 15 21:44:50 UTC 2021,$$CLIENT_1ZF,191020214,1,28.427811,77.058289,180322165522,A,21,50,57372,234,9,0.89,0,0,21,0,0,0,0,0,0,0,0,0,0,1,1,0,0,0,0,0,0,0,0,0,0,0,0,0,0,0,0,0,0,0,0,14018,4036,*05
Mon Feb 15 21:44:50 UTC 2021,$$CLIENT_1ZF,191020214,1,28.427595,77.058266,180322165522,A,21,50,57372,234,9,0.89,0,0,21,0,0,0,0,0,0,0,0,0,0,1,1,0,0,0,0,0,0,0,0,0,0,0,0,0,0,0,0,0,0,0,0,14018,4036,*05
Mon Feb 15 21:44:50 UTC 2021,$$CLIENT_1ZF,191020214,1,28.427237,77.057922,180322165522,A,21,50,57372,234,9,0.89,0,0,21,0,0,0,0,0,0,0,0,0,0,1,1,0,0,0,0,0,0,0,0,0,0,0,0,0,0,0,0,0,0,0,0,14018,4036,*05
Mon Feb 15 21:44:50 UTC 2021,$$CLIENT_1ZF,191020214,1,28.426842,77.057549,180322165522,A,21,60,57372,234,9,0.89,0,0,21,0,0,0,0,0,0,0,0,0,0,1,1,0,0,0,0,0,0,0,0,0,0,0,0,0,0,0,0,0,0,0,0,14018,4036,*05
Mon Feb 15 21:44:50 UTC 2021,$$CLIENT_1ZF,191020214,1,28.426825,77.057533,180322165522,A,21,50,57372,234,9,0.89,0,0,21,0,0,0,0,0,0,0,0,0,0,1,1,0,0,0,0,0,0,0,0,0,0,0,0,0,0,0,0,0,0,0,0,14018,4036,*05
Mon Feb 15 21:44:50 UTC 2021,$$CLIENT_1ZF,191020214,1,28.426809,77.057518,180322165522,A,21,50,57372,234,9,0.89,0,0,21,0,0,0,0,0,0,0,0,0,0,1,1,0,0,0,0,0,0,0,0,0,0,0,0,0,0,0,0,0,0,0,0,14018,4036,*05
Mon Feb 15 21:44:50 UTC 2021,$$CLIENT_1ZF,191020214,1,28.426788,77.057503,180322165522,A,21,50,57372,234,9,0.89,0,0,21,0,0,0,0,0,0,0,0,0,0,1,1,0,0,0,0,0,0,0,0,0,0,0,0,0,0,0,0,0,0,0,0,14018,4036,*05
Mon Feb 15 21:44:50 UTC 2021,$$CLIENT_1ZF,191020214,1,28.426762,77.05748,180322165522,A,21,50,57372,234,9,0.89,0,0,21,0,0,0,0,0,0,0,0,0,0,1,1,0,0,0,0,0,0,0,0,0,0,0,0,0,0,0,0,0,0,0,0,14018,4036,*05
Mon Feb 15 21:44:50 UTC 2021,$$CLIENT_1ZF,191020214,1,28.426544,77.057259,180322165522,A,21,60,57372,234,9,0.89,0,0,21,0,0,0,0,0,0,0,0,0,0,1,1,0,0,0,0,0,0,0,0,0,0,0,0,0,0,0,0,0,0,0,0,14018,4036,*05
Mon Feb 15 21:44:50 UTC 2021,$$CLIENT_1ZF,191020214,1,28.426205,77.057602,180322165522,A,21,50,57372,234,9,0.89,0,0,21,0,0,0,0,0,0,0,0,0,0,1,1,0,0,0,0,0,0,0,0,0,0,0,0,0,0,0,0,0,0,0,0,14018,4036,*05
Mon Feb 15 21:44:50 UTC 2021,$$CLIENT_1ZF,191020214,1,28.425737,77.058228,180322165522,A,21,50,57372,234,9,0.89,0,0,21,0,0,0,0,0,0,0,0,0,0,1,1,0,0,0,0,0,0,0,0,0,0,0,0,0,0,0,0,0,0,0,0,14018,4036,*05
Mon Feb 15 21:44:50 UTC 2021,$$CLIENT_1ZF,191020214,1,28.425447,77.058617,180322165522,A,21,50,57372,234,9,0.89,0,0,21,0,0,0,0,0,0,0,0,0,0,1,1,0,0,0,0,0,0,0,0,0,0,0,0,0,0,0,0,0,0,0,0,14018,4036,*05
Mon Feb 15 21:44:50 UTC 2021,$$CLIENT_1ZF,191020214,1,28.425041,77.059143,180322165522,A,21,50,57372,234,9,0.89,0,0,21,0,0,0,0,0,0,0,0,0,0,1,1,0,0,0,0,0,0,0,0,0,0,0,0,0,0,0,0,0,0,0,0,14018,4036,*05
Mon Feb 15 21:44:50 UTC 2021,$$CLIENT_1ZF,191020214,1,28.424618,77.059723,180322165522,A,21,60,57372,234,9,0.89,0,0,21,0,0,0,0,0,0,0,0,0,0,1,1,0,0,0,0,0,0,0,0,0,0,0,0,0,0,0,0,0,0,0,0,14018,4036,*05
Mon Feb 15 21:44:50 UTC 2021,$$CLIENT_1ZF,191020214,1,28.424404,77.06002,180322165522,A,21,50,57372,234,9,0.89,0,0,21,0,0,0,0,0,0,0,0,0,0,1,1,0,0,0,0,0,0,0,0,0,0,0,0,0,0,0,0,0,0,0,0,14018,4036,*05
Mon Feb 15 21:44:50 UTC 2021,$$CLIENT_1ZF,191020214,1,28.424362,77.060066,180322165522,A,21,50,57372,234,9,0.89,0,0,21,0,0,0,0,0,0,0,0,0,0,1,1,0,0,0,0,0,0,0,0,0,0,0,0,0,0,0,0,0,0,0,0,14018,4036,*05
Mon Feb 15 21:44:50 UTC 2021,$$CLIENT_1ZF,191020214,1,28.424362,77.060066,180322165522,A,21,50,57372,234,9,0.89,0,0,21,0,0,0,0,0,0,0,0,0,0,1,1,0,0,0,0,0,0,0,0,0,0,0,0,0,0,0,0,0,0,0,0,14018,4036,*05
Mon Feb 15 21:44:50 UTC 2021,$$CLIENT_1ZF,191020214,1,28.424196,77.060257,180322165522,A,21,50,57372,234,9,0.89,0,0,21,0,0,0,0,0,0,0,0,0,0,1,1,0,0,0,0,0,0,0,0,0,0,0,0,0,0,0,0,0,0,0,0,14018,4036,*05
Mon Feb 15 21:44:50 UTC 2021,$$CLIENT_1ZF,191020214,1,28.42382,77.060707,180322165522,A,21,60,57372,234,9,0.89,0,0,21,0,0,0,0,0,0,0,0,0,0,1,1,0,0,0,0,0,0,0,0,0,0,0,0,0,0,0,0,0,0,0,0,14018,4036,*05
Mon Feb 15 21:44:50 UTC 2021,$$CLIENT_1ZF,191020214,1,28.423254,77.061447,180322165522,A,21,50,57372,234,9,0.89,0,0,21,0,0,0,0,0,0,0,0,0,0,1,1,0,0,0,0,0,0,0,0,0,0,0,0,0,0,0,0,0,0,0,0,14018,4036,*05
Mon Feb 15 21:44:50 UTC 2021,$$CLIENT_1ZF,191020214,1,28.422941,77.061867,180322165522,A,21,50,57372,234,9,0.89,0,0,21,0,0,0,0,0,0,0,0,0,0,1,1,0,0,0,0,0,0,0,0,0,0,0,0,0,0,0,0,0,0,0,0,14018,4036,*05
Mon Feb 15 21:44:50 UTC 2021,$$CLIENT_1ZF,191020214,1,28.422823,77.062019,180322165522,A,21,50,57372,234,9,0.89,0,0,21,0,0,0,0,0,0,0,0,0,0,1,1,0,0,0,0,0,0,0,0,0,0,0,0,0,0,0,0,0,0,0,0,14018,4036,*05
Mon Feb 15 21:44:50 UTC 2021,$$CLIENT_1ZF,191020214,1,28.422518,77.062408,180322165522,A,21,50,57372,234,9,0.89,0,0,21,0,0,0,0,0,0,0,0,0,0,1,1,0,0,0,0,0,0,0,0,0,0,0,0,0,0,0,0,0,0,0,0,14018,4036,*05
Mon Feb 15 21:44:50 UTC 2021,$$CLIENT_1ZF,191020214,1,28.422119,77.06292,180322165522,A,21,60,57372,234,9,0.89,0,0,21,0,0,0,0,0,0,0,0,0,0,1,1,0,0,0,0,0,0,0,0,0,0,0,0,0,0,0,0,0,0,0,0,14018,4036,*05
Mon Feb 15 21:44:50 UTC 2021,$$CLIENT_1ZF,191020214,1,28.421886,77.063271,180322165522,A,21,50,57372,234,9,0.89,0,0,21,0,0,0,0,0,0,0,0,0,0,1,1,0,0,0,0,0,0,0,0,0,0,0,0,0,0,0,0,0,0,0,0,14018,4036,*05
Mon Feb 15 21:44:50 UTC 2021,$$CLIENT_1ZF,191020214,1,28.421555,77.06366,180322165522,A,21,50,57372,234,9,0.89,0,0,21,0,0,0,0,0,0,0,0,0,0,1,1,0,0,0,0,0,0,0,0,0,0,0,0,0,0,0,0,0,0,0,0,14018,4036,*05
Mon Feb 15 21:44:50 UTC 2021,$$CLIENT_1ZF,191020214,1,28.421074,77.064285,180322165522,A,21,50,57372,234,9,0.89,0,0,21,0,0,0,0,0,0,0,0,0,0,1,1,0,0,0,0,0,0,0,0,0,0,0,0,0,0,0,0,0,0,0,0,14018,4036,*05
Mon Feb 15 21:44:50 UTC 2021,$$CLIENT_1ZF,191020214,1,28.420698,77.064796,180322165522,A,21,50,57372,234,9,0.89,0,0,21,0,0,0,0,0,0,0,0,0,0,1,1,0,0,0,0,0,0,0,0,0,0,0,0,0,0,0,0,0,0,0,0,14018,4036,*05
Mon Feb 15 21:44:50 UTC 2021,$$CLIENT_1ZF,191020214,1,28.420752,77.064949,180322165522,A,21,60,57372,234,9,0.89,0,0,21,0,0,0,0,0,0,0,0,0,0,1,1,0,0,0,0,0,0,0,0,0,0,0,0,0,0,0,0,0,0,0,0,14018,4036,*05
Mon Feb 15 21:44:50 UTC 2021,$$CLIENT_1ZF,191020214,1,28.421114,77.065323,180322165522,A,21,50,57372,234,9,0.89,0,0,21,0,0,0,0,0,0,0,0,0,0,1,1,0,0,0,0,0,0,0,0,0,0,0,0,0,0,0,0,0,0,0,0,14018,4036,*05
Mon Feb 15 21:44:50 UTC 2021,$$CLIENT_1ZF,191020214,1,28.421724,77.065971,180322165522,A,21,50,57372,234,9,0.89,0,0,21,0,0,0,0,0,0,0,0,0,0,1,1,0,0,0,0,0,0,0,0,0,0,0,0,0,0,0,0,0,0,0,0,14018,4036,*05
Mon Feb 15 21:44:50 UTC 2021,$$CLIENT_1ZF,191020214,1,28.422424,77.066704,180322165522,A,21,50,57372,234,9,0.89,0,0,21,0,0,0,0,0,0,0,0,0,0,1,1,0,0,0,0,0,0,0,0,0,0,0,0,0,0,0,0,0,0,0,0,14018,4036,*05
Mon Feb 15 21:44:50 UTC 2021,$$CLIENT_1ZF,191020214,1,28.423098,77.067421,180322165522,A,21,50,57372,234,9,0.89,0,0,21,0,0,0,0,0,0,0,0,0,0,1,1,0,0,0,0,0,0,0,0,0,0,0,0,0,0,0,0,0,0,0,0,14018,4036,*05
Mon Feb 15 21:44:50 UTC 2021,$$CLIENT_1ZF,191020214,1,28.423786,77.068146,180322165522,A,21,60,57372,234,9,0.89,0,0,21,0,0,0,0,0,0,0,0,0,0,1,1,0,0,0,0,0,0,0,0,0,0,0,0,0,0,0,0,0,0,0,0,14018,4036,*05
Mon Feb 15 21:44:50 UTC 2021,$$CLIENT_1ZF,191020214,1,28.424032,77.068405,180322165522,A,21,50,57372,234,9,0.89,0,0,21,0,0,0,0,0,0,0,0,0,0,1,1,0,0,0,0,0,0,0,0,0,0,0,0,0,0,0,0,0,0,0,0,14018,4036,*05
Mon Feb 15 21:44:50 UTC 2021,$$CLIENT_1ZF,191020214,1,28.424192,77.068573,180322165522,A,21,50,57372,234,9,0.89,0,0,21,0,0,0,0,0,0,0,0,0,0,1,1,0,0,0,0,0,0,0,0,0,0,0,0,0,0,0,0,0,0,0,0,14018,4036,*05
Mon Feb 15 21:44:50 UTC 2021,$$CLIENT_1ZF,191020214,1,28.424564,77.068962,180322165522,A,21,50,57372,234,9,0.89,0,0,21,0,0,0,0,0,0,0,0,0,0,1,1,0,0,0,0,0,0,0,0,0,0,0,0,0,0,0,0,0,0,0,0,14018,4036,*05
Mon Feb 15 21:44:50 UTC 2021,$$CLIENT_1ZF,191020214,1,28.425209,77.069633,180322165522,A,21,60,57372,234,9,0.89,0,0,21,0,0,0,0,0,0,0,0,0,0,1,1,0,0,0,0,0,0,0,0,0,0,0,0,0,0,0,0,0,0,0,0,14018,4036,*05
Mon Feb 15 21:44:50 UTC 2021,$$CLIENT_1ZF,191020214,1,28.426044,77.070496,180322165522,A,21,50,57372,234,9,0.89,0,0,21,0,0,0,0,0,0,0,0,0,0,1,1,0,0,0,0,0,0,0,0,0,0,0,0,0,0,0,0,0,0,0,0,14018,4036,*05
Mon Feb 15 21:44:50 UTC 2021,$$CLIENT_1ZF,191020214,1,28.426651,77.071129,180322165522,A,21,50,57372,234,9,0.89,0,0,21,0,0,0,0,0,0,0,0,0,0,1,1,0,0,0,0,0,0,0,0,0,0,0,0,0,0,0,0,0,0,0,0,14018,4036,*05
Mon Feb 15 21:44:50 UTC 2021,$$CLIENT_1ZF,191020214,1,28.426601,77.071442,180322165522,A,21,50,57372,234,9,0.89,0,0,21,0,0,0,0,0,0,0,0,0,0,1,1,0,0,0,0,0,0,0,0,0,0,0,0,0,0,0,0,0,0,0,0,14018,4036,*05
Mon Feb 15 21:44:50 UTC 2021,$$CLIENT_1ZF,191020214,1,28.426197,77.071945,180322165522,A,21,50,57372,234,9,0.89,0,0,21,0,0,0,0,0,0,0,0,0,0,1,1,0,0,0,0,0,0,0,0,0,0,0,0,0,0,0,0,0,0,0,0,14018,4036,*05
Mon Feb 15 21:44:50 UTC 2021,$$CLIENT_1ZF,191020214,1,28.425579,77.072746,180322165522,A,21,60,57372,234,9,0.89,0,0,21,0,0,0,0,0,0,0,0,0,0,1,1,0,0,0,0,0,0,0,0,0,0,0,0,0,0,0,0,0,0,0,0,14018,4036,*05
Mon Feb 15 21:44:50 UTC 2021,$$CLIENT_1ZF,191020214,1,28.424923,77.073586,180322165522,A,21,50,57372,234,9,0.89,0,0,21,0,0,0,0,0,0,0,0,0,0,1,1,0,0,0,0,0,0,0,0,0,0,0,0,0,0,0,0,0,0,0,0,14018,4036,*05
Mon Feb 15 21:44:50 UTC 2021,$$CLIENT_1ZF,191020214,1,28.424122,77.074417,180322165522,A,21,50,57372,234,9,0.89,0,0,21,0,0,0,0,0,0,0,0,0,0,1,1,0,0,0,0,0,0,0,0,0,0,0,0,0,0,0,0,0,0,0,0,14018,4036,*05
Mon Feb 15 21:44:50 UTC 2021,$$CLIENT_1ZF,191020214,1,28.423428,77.075104,180322165522,A,21,50,57372,234,9,0.89,0,0,21,0,0,0,0,0,0,0,0,0,0,1,1,0,0,0,0,0,0,0,0,0,0,0,0,0,0,0,0,0,0,0,0,14018,4036,*05
Mon Feb 15 21:44:50 UTC 2021,$$CLIENT_1ZF,191020214,1,28.42308,77.075317,180322165522,A,21,50,57372,234,9,0.89,0,0,21,0,0,0,0,0,0,0,0,0,0,1,1,0,0,0,0,0,0,0,0,0,0,0,0,0,0,0,0,0,0,0,0,14018,4036,*05
Mon Feb 15 21:44:50 UTC 2021,$$CLIENT_1ZF,191020214,1,28.422796,77.07547,180322165522,A,21,60,57372,234,9,0.89,0,0,21,0,0,0,0,0,0,0,0,0,0,1,1,0,0,0,0,0,0,0,0,0,0,0,0,0,0,0,0,0,0,0,0,14018,4036,*05
Mon Feb 15 21:44:50 UTC 2021,$$CLIENT_1ZF,191020214,1,28.422295,77.075745,180322165522,A,21,50,57372,234,9,0.89,0,0,21,0,0,0,0,0,0,0,0,0,0,1,1,0,0,0,0,0,0,0,0,0,0,0,0,0,0,0,0,0,0,0,0,14018,4036,*05
Mon Feb 15 21:44:50 UTC 2021,$$CLIENT_1ZF,191020214,1,28.421602,77.076111,180322165522,A,21,50,57372,234,9,0.89,0,0,21,0,0,0,0,0,0,0,0,0,0,1,1,0,0,0,0,0,0,0,0,0,0,0,0,0,0,0,0,0,0,0,0,14018,4036,*05
Mon Feb 15 21:44:50 UTC 2021,$$CLIENT_1ZF,191020214,1,28.420734,77.076477,180322165522,A,21,50,57372,234,9,0.89,0,0,21,0,0,0,0,0,0,0,0,0,0,1,1,0,0,0,0,0,0,0,0,0,0,0,0,0,0,0,0,0,0,0,0,14018,4036,*05
Mon Feb 15 21:44:50 UTC 2021,$$CLIENT_1ZF,191020214,1,28.419897,77.07692,180322165522,A,21,50,57372,234,9,0.89,0,0,21,0,0,0,0,0,0,0,0,0,0,1,1,0,0,0,0,0,0,0,0,0,0,0,0,0,0,0,0,0,0,0,0,14018,4036,*05
Mon Feb 15 21:44:50 UTC 2021,$$CLIENT_1ZF,191020214,1,28.419203,77.077232,180322165522,A,21,60,57372,234,9,0.89,0,0,21,0,0,0,0,0,0,0,0,0,0,1,1,0,0,0,0,0,0,0,0,0,0,0,0,0,0,0,0,0,0,0,0,14018,4036,*05
Mon Feb 15 21:44:50 UTC 2021,$$CLIENT_1ZF,191020214,1,28.418722,77.077446,180322165522,A,21,50,57372,234,9,0.89,0,0,21,0,0,0,0,0,0,0,0,0,0,1,1,0,0,0,0,0,0,0,0,0,0,0,0,0,0,0,0,0,0,0,0,14018,4036,*05
Mon Feb 15 21:44:50 UTC 2021,$$CLIENT_1ZF,191020214,1,28.418495,77.077545,180322165522,A,21,50,57372,234,9,0.89,0,0,21,0,0,0,0,0,0,0,0,0,0,1,1,0,0,0,0,0,0,0,0,0,0,0,0,0,0,0,0,0,0,0,0,14018,4036,*05
Mon Feb 15 21:44:50 UTC 2021,$$CLIENT_1ZF,191020214,1,28.418297,77.077644,180322165522,A,21,50,57372,234,9,0.89,0,0,21,0,0,0,0,0,0,0,0,0,0,1,1,0,0,0,0,0,0,0,0,0,0,0,0,0,0,0,0,0,0,0,0,14018,4036,*05
Mon Feb 15 21:44:50 UTC 2021,$$CLIENT_1ZF,191020214,1,28.418056,77.077759,180322165522,A,21,50,57372,234,9,0.89,0,0,21,0,0,0,0,0,0,0,0,0,0,1,1,0,0,0,0,0,0,0,0,0,0,0,0,0,0,0,0,0,0,0,0,14018,4036,*05
Mon Feb 15 21:44:50 UTC 2021,$$CLIENT_1ZF,191020214,1,28.417549,77.078003,180322165522,A,21,60,57372,234,9,0.89,0,0,21,0,0,0,0,0,0,0,0,0,0,1,1,0,0,0,0,0,0,0,0,0,0,0,0,0,0,0,0,0,0,0,0,14018,4036,*05
Mon Feb 15 21:44:50 UTC 2021,$$CLIENT_1ZF,191020214,1,28.417322,77.078148,180322165522,A,21,50,57372,234,9,0.89,0,0,21,0,0,0,0,0,0,0,0,0,0,1,1,0,0,0,0,0,0,0,0,0,0,0,0,0,0,0,0,0,0,0,0,14018,4036,*05
Mon Feb 15 21:44:50 UTC 2021,$$CLIENT_1ZF,191020214,1,28.41721,77.078209,180322165522,A,21,50,57372,234,9,0.89,0,0,21,0,0,0,0,0,0,0,0,0,0,1,1,0,0,0,0,0,0,0,0,0,0,0,0,0,0,0,0,0,0,0,0,14018,4036,*05
Mon Feb 15 21:44:50 UTC 2021,$$CLIENT_1ZF,191020214,1,28.417065,77.078278,180322165522,A,21,50,57372,234,9,0.89,0,0,21,0,0,0,0,0,0,0,0,0,0,1,1,0,0,0,0,0,0,0,0,0,0,0,0,0,0,0,0,0,0,0,0,14018,4036,*05
Mon Feb 15 21:44:50 UTC 2021,$$CLIENT_1ZF,191020214,1,28.41703,77.078293,180322165522,A,21,50,57372,234,9,0.89,0,0,21,0,0,0,0,0,0,0,0,0,0,1,1,0,0,0,0,0,0,0,0,0,0,0,0,0,0,0,0,0,0,0,0,14018,4036,*05
Mon Feb 15 21:44:50 UTC 2021,$$CLIENT_1ZF,191020214,1,28.417006,77.0783,180322165522,A,21,60,57372,234,9,0.89,0,0,21,0,0,0,0,0,0,0,0,0,0,1,1,0,0,0,0,0,0,0,0,0,0,0,0,0,0,0,0,0,0,0,0,14018,4036,*05
Mon Feb 15 21:44:50 UTC 2021,$$CLIENT_1ZF,191020214,1,28.417007,77.0783,180322165522,A,21,50,57372,234,9,0.89,0,0,21,0,0,0,0,0,0,0,0,0,0,1,1,0,0,0,0,0,0,0,0,0,0,0,0,0,0,0,0,0,0,0,0,14018,4036,*05
Mon Feb 15 21:44:50 UTC 2021,$$CLIENT_1ZF,191020214,1,28.417013,77.078308,180322165522,A,21,50,57372,234,9,0.89,0,0,21,0,0,0,0,0,0,0,0,0,0,1,1,0,0,0,0,0,0,0,0,0,0,0,0,0,0,0,0,0,0,0,0,14018,4036,*05
Mon Feb 15 21:44:50 UTC 2021,$$CLIENT_1ZF,191020214,1,28.417011,77.078308,180322165522,A,21,50,57372,234,9,0.89,0,0,21,0,0,0,0,0,0,0,0,0,0,1,1,0,0,0,0,0,0,0,0,0,0,0,0,0,0,0,0,0,0,0,0,14018,4036,*05
Mon Feb 15 21:44:50 UTC 2021,$$CLIENT_1ZF,191020214,1,28.417011,77.078316,180322165522,A,21,50,57372,234,9,0.89,0,0,21,0,0,0,0,0,0,0,0,0,0,1,1,0,0,0,0,0,0,0,0,0,0,0,0,0,0,0,0,0,0,0,0,14018,4036,*05
Mon Feb 15 21:44:50 UTC 2021,$$CLIENT_1ZF,191020214,1,28.416973,77.078323,180322165522,A,21,60,57372,234,9,0.89,0,0,21,0,0,0,0,0,0,0,0,0,0,1,1,0,0,0,0,0,0,0,0,0,0,0,0,0,0,0,0,0,0,0,0,14018,4036,*05
Mon Feb 15 21:44:50 UTC 2021,$$CLIENT_1ZF,191020214,1,28.416977,77.078331,180322165522,A,21,50,57372,234,9,0.89,0,0,21,0,0,0,0,0,0,0,0,0,0,1,1,0,0,0,0,0,0,0,0,0,0,0,0,0,0,0,0,0,0,0,0,14018,4036,*05
Mon Feb 15 21:44:50 UTC 2021,$$CLIENT_1ZF,191020214,1,28.416979,77.078331,180322165522,A,21,50,57372,234,9,0.89,0,0,21,0,0,0,0,0,0,0,0,0,0,1,1,0,0,0,0,0,0,0,0,0,0,0,0,0,0,0,0,0,0,0,0,14018,4036,*05
Mon Feb 15 21:44:50 UTC 2021,$$CLIENT_1ZF,191020214,1,28.416985,77.078331,180322165522,A,21,50,57372,234,9,0.89,0,0,21,0,0,0,0,0,0,0,0,0,0,1,1,0,0,0,0,0,0,0,0,0,0,0,0,0,0,0,0,0,0,0,0,14018,4036,*05
Mon Feb 15 21:44:50 UTC 2021,$$CLIENT_1ZF,191020214,1,28.416985,77.078323,180322165522,A,21,60,57372,234,9,0.89,0,0,21,0,0,0,0,0,0,0,0,0,0,1,1,0,0,0,0,0,0,0,0,0,0,0,0,0,0,0,0,0,0,0,0,14018,4036,*05
Mon Feb 15 21:44:50 UTC 2021,$$CLIENT_1ZF,191020214,1,28.416985,77.078323,180322165522,A,21,50,57372,234,9,0.89,0,0,21,0,0,0,0,0,0,0,0,0,0,1,1,0,0,0,0,0,0,0,0,0,0,0,0,0,0,0,0,0,0,0,0,14018,4036,*05
Mon Feb 15 21:44:50 UTC 2021,$$CLIENT_1ZF,191020214,1,28.416986,77.078323,180322165522,A,21,50,57372,234,9,0.89,0,0,21,0,0,0,0,0,0,0,0,0,0,1,1,0,0,0,0,0,0,0,0,0,0,0,0,0,0,0,0,0,0,0,0,14018,4036,*05
Mon Feb 15 21:44:50 UTC 2021,$$CLIENT_1ZF,191020214,1,28.416946,77.078339,180322165522,A,21,50,57372,234,9,0.89,0,0,21,0,0,0,0,0,0,0,0,0,0,1,1,0,0,0,0,0,0,0,0,0,0,0,0,0,0,0,0,0,0,0,0,14018,4036,*05
Mon Feb 15 21:44:50 UTC 2021,$$CLIENT_1ZF,191020214,1,28.416809,77.0784,180322165522,A,21,60,57372,234,9,0.89,0,0,21,0,0,0,0,0,0,0,0,0,0,1,1,0,0,0,0,0,0,0,0,0,0,0,0,0,0,0,0,0,0,0,0,14018,4036,*05
Mon Feb 15 21:44:50 UTC 2021,$$CLIENT_1ZF,191020214,1,28.4167,77.078453,180322165522,A,21,50,57372,234,9,0.89,0,0,21,0,0,0,0,0,0,0,0,0,0,1,1,0,0,0,0,0,0,0,0,0,0,0,0,0,0,0,0,0,0,0,0,14018,4036,*05
Mon Feb 15 21:44:50 UTC 2021,$$CLIENT_1ZF,191020214,1,28.416586,77.078506,180322165522,A,21,50,57372,234,9,0.89,0,0,21,0,0,0,0,0,0,0,0,0,0,1,1,0,0,0,0,0,0,0,0,0,0,0,0,0,0,0,0,0,0,0,0,14018,4036,*05
Mon Feb 15 21:44:50 UTC 2021,$$CLIENT_1ZF,191020214,1,28.416582,77.078506,180322165522,A,21,50,57372,234,9,0.89,0,0,21,0,0,0,0,0,0,0,0,0,0,1,1,0,0,0,0,0,0,0,0,0,0,0,0,0,0,0,0,0,0,0,0,14018,4036,*05
Mon Feb 15 21:44:50 UTC 2021,$$CLIENT_1ZF,191020214,1,28.416533,77.078529,180322165522,A,21,50,57372,234,9,0.89,0,0,21,0,0,0,0,0,0,0,0,0,0,1,1,0,0,0,0,0,0,0,0,0,0,0,0,0,0,0,0,0,0,0,0,14018,4036,*05
Mon Feb 15 21:44:50 UTC 2021,$$CLIENT_1ZF,191020214,1,28.416519,77.078537,180322165522,A,21,60,57372,234,9,0.89,0,0,21,0,0,0,0,0,0,0,0,0,0,1,1,0,0,0,0,0,0,0,0,0,0,0,0,0,0,0,0,0,0,0,0,14018,4036,*05
Mon Feb 15 21:44:50 UTC 2021,$$CLIENT_1ZF,191020214,1,28.416523,77.078537,180322165522,A,21,50,57372,234,9,0.89,0,0,21,0,0,0,0,0,0,0,0,0,0,1,1,0,0,0,0,0,0,0,0,0,0,0,0,0,0,0,0,0,0,0,0,14018,4036,*05
Mon Feb 15 21:44:50 UTC 2021,$$CLIENT_1ZF,191020214,1,28.416517,77.078537,180322165522,A,21,50,57372,234,9,0.89,0,0,21,0,0,0,0,0,0,0,0,0,0,1,1,0,0,0,0,0,0,0,0,0,0,0,0,0,0,0,0,0,0,0,0,14018,4036,*05
Mon Feb 15 21:44:50 UTC 2021,$$CLIENT_1ZF,191020214,1,28.416515,77.078529,180322165522,A,21,50,57372,234,9,0.89,0,0,21,0,0,0,0,0,0,0,0,0,0,1,1,0,0,0,0,0,0,0,0,0,0,0,0,0,0,0,0,0,0,0,0,14018,4036,*05
Mon Feb 15 21:44:50 UTC 2021,$$CLIENT_1ZF,191020214,1,28.416512,77.078529,180322165522,A,21,60,57372,234,9,0.89,0,0,21,0,0,0,0,0,0,0,0,0,0,1,1,0,0,0,0,0,0,0,0,0,0,0,0,0,0,0,0,0,0,0,0,14018,4036,*05
Mon Feb 15 21:44:50 UTC 2021,$$CLIENT_1ZF,191020214,1,28.416513,77.078529,180322165522,A,21,50,57372,234,9,0.89,0,0,21,0,0,0,0,0,0,0,0,0,0,1,1,0,0,0,0,0,0,0,0,0,0,0,0,0,0,0,0,0,0,0,0,14018,4036,*05
Mon Feb 15 21:44:50 UTC 2021,$$CLIENT_1ZF,191020214,1,28.416519,77.078537,180322165522,A,21,50,57372,234,9,0.89,0,0,21,0,0,0,0,0,0,0,0,0,0,1,1,0,0,0,0,0,0,0,0,0,0,0,0,0,0,0,0,0,0,0,0,14018,4036,*05
Mon Feb 15 21:44:50 UTC 2021,$$CLIENT_1ZF,191020214,1,28.416498,77.078552,180322165522,A,21,50,57372,234,9,0.89,0,0,21,0,0,0,0,0,0,0,0,0,0,1,1,0,0,0,0,0,0,0,0,0,0,0,0,0,0,0,0,0,0,0,0,14018,4036,*05
Mon Feb 15 21:44:50 UTC 2021,$$CLIENT_1ZF,191020214,1,28.416578,77.078789,180322165522,A,21,60,57372,234,9,0.89,0,0,21,0,0,0,0,0,0,0,0,0,0,1,1,0,0,0,0,0,0,0,0,0,0,0,0,0,0,0,0,0,0,0,0,14018,4036,*05
Mon Feb 15 21:44:50 UTC 2021,$$CLIENT_1ZF,191020214,1,28.416864,77.079407,180322165522,A,21,50,57372,234,9,0.89,0,0,21,0,0,0,0,0,0,0,0,0,0,1,1,0,0,0,0,0,0,0,0,0,0,0,0,0,0,0,0,0,0,0,0,14018,4036,*05
Mon Feb 15 21:44:50 UTC 2021,$$CLIENT_1ZF,191020214,1,28.416725,77.07946,180322165522,A,21,50,57372,234,9,0.89,0,0,21,0,0,0,0,0,0,0,0,0,0,1,1,0,0,0,0,0,0,0,0,0,0,0,0,0,0,0,0,0,0,0,0,14018,4036,*05
Mon Feb 15 21:44:50 UTC 2021,$$CLIENT_1ZF,191020214,1,28.416521,77.078979,180322165522,A,21,50,57372,234,9,0.89,0,0,21,0,0,0,0,0,0,0,0,0,0,1,1,0,0,0,0,0,0,0,0,0,0,0,0,0,0,0,0,0,0,0,0,14018,4036,*05
Mon Feb 15 21:44:50 UTC 2021,$$CLIENT_1ZF,191020214,1,28.416462,77.078758,180322165522,A,21,50,57372,234,9,0.89,0,0,21,0,0,0,0,0,0,0,0,0,0,1,1,0,0,0,0,0,0,0,0,0,0,0,0,0,0,0,0,0,0,0,0,14018,4036,*05
Mon Feb 15 21:44:50 UTC 2021,$$CLIENT_1ZF,191020214,1,28.416449,77.078644,180322165522,A,21,60,57372,234,9,0.89,0,0,21,0,0,0,0,0,0,0,0,0,0,1,1,0,0,0,0,0,0,0,0,0,0,0,0,0,0,0,0,0,0,0,0,14018,4036,*05
Mon Feb 15 21:44:50 UTC 2021,$$CLIENT_1ZF,191020214,1,28.416439,77.078621,180322165522,A,21,50,57372,234,9,0.89,0,0,21,0,0,0,0,0,0,0,0,0,0,1,1,0,0,0,0,0,0,0,0,0,0,0,0,0,0,0,0,0,0,0,0,14018,4036,*05
Mon Feb 15 21:44:50 UTC 2021,$$CLIENT_1ZF,191020214,1,28.416441,77.078621,180322165522,A,21,50,57372,234,9,0.89,0,0,21,0,0,0,0,0,0,0,0,0,0,1,1,0,0,0,0,0,0,0,0,0,0,0,0,0,0,0,0,0,0,0,0,14018,4036,*05
Mon Feb 15 21:44:50 UTC 2021,$$CLIENT_1ZF,191020214,1,28.416445,77.078621,180322165522,A,21,50,57372,234,9,0.89,0,0,21,0,0,0,0,0,0,0,0,0,0,1,1,0,0,0,0,0,0,0,0,0,0,0,0,0,0,0,0,0,0,0,0,14018,4036,*05
Mon Feb 15 21:44:50 UTC 2021,$$CLIENT_1ZF,191020214,1,28.416445,77.078629,180322165522,A,21,50,57372,234,9,0.89,0,0,21,0,0,0,0,0,0,0,0,0,0,1,1,0,0,0,0,0,0,0,0,0,0,0,0,0,0,0,0,0,0,0,0,14018,4036,*05
Mon Feb 15 21:44:50 UTC 2021,$$CLIENT_1ZF,191020214,1,28.416443,77.078629,180322165522,A,21,60,57372,234,9,0.89,0,0,21,0,0,0,0,0,0,0,0,0,0,1,1,0,0,0,0,0,0,0,0,0,0,0,0,0,0,0,0,0,0,0,0,14018,4036,*05
Mon Feb 15 21:44:50 UTC 2021,$$CLIENT_1ZF,191020214,1,28.416435,77.078629,180322165522,A,21,50,57372,234,9,0.89,0,0,21,0,0,0,0,0,0,0,0,0,0,1,1,0,0,0,0,0,0,0,0,0,0,0,0,0,0,0,0,0,0,0,0,14018,4036,*05
Mon Feb 15 21:44:50 UTC 2021,$$CLIENT_1ZF,191020214,1,28.416437,77.078621,180322165522,A,21,50,57372,234,9,0.89,0,0,21,0,0,0,0,0,0,0,0,0,0,1,1,0,0,0,0,0,0,0,0,0,0,0,0,0,0,0,0,0,0,0,0,14018,4036,*05
Mon Feb 15 21:44:50 UTC 2021,$$CLIENT_1ZF,191020214,1,28.416443,77.07856,180322165522,A,21,50,57372,234,9,0.89,0,0,21,0,0,0,0,0,0,0,0,0,0,1,1,0,0,0,0,0,0,0,0,0,0,0,0,0,0,0,0,0,0,0,0,14018,4036,*05
Mon Feb 15 21:44:50 UTC 2021,$$CLIENT_1ZF,191020214,1,28.416452,77.078522,180322165522,A,21,50,57372,234,9,0.89,0,0,21,0,0,0,0,0,0,0,0,0,0,1,1,0,0,0,0,0,0,0,0,0,0,0,0,0,0,0,0,0,0,0,0,14018,4036,*05
Mon Feb 15 21:44:50 UTC 2021,$$CLIENT_1ZF,191020214,1,28.416454,77.078522,180322165522,A,21,50,57372,234,9,0.89,0,0,21,0,0,0,0,0,0,0,0,0,0,1,1,0,0,0,0,0,0,0,0,0,0,0,0,0,0,0,0,0,0,0,0,14018,4036,*05
Mon Feb 15 21:44:50 UTC 2021,$$CLIENT_1ZF,191020214,1,28.416447,77.078522,180322165522,A,21,50,57372,234,9,0.89,0,0,21,0,0,0,0,0,0,0,0,0,0,1,1,0,0,0,0,0,0,0,0,0,0,0,0,0,0,0,0,0,0,0,0,14018,4036,*05
Mon Feb 15 21:44:50 UTC 2021,$$CLIENT_1ZF,191020214,1,28.416449,77.078506,180322165522,A,21,60,57372,234,9,0.89,0,0,21,0,0,0,0,0,0,0,0,0,0,1,1,0,0,0,0,0,0,0,0,0,0,0,0,0,0,0,0,0,0,0,0,14018,4036,*05
Mon Feb 15 21:44:50 UTC 2021,$$CLIENT_1ZF,191020214,1,28.416451,77.078506,180322165522,A,21,50,57372,234,9,0.89,0,0,21,0,0,0,0,0,0,0,0,0,0,1,1,0,0,0,0,0,0,0,0,0,0,0,0,0,0,0,0,0,0,0,0,14018,4036,*05
Mon Feb 15 21:44:50 UTC 2021,$$CLIENT_1ZF,191020214,1,28.416447,77.078506,180322165522,A,21,50,57372,234,9,0.89,0,0,21,0,0,0,0,0,0,0,0,0,0,1,1,0,0,0,0,0,0,0,0,0,0,0,0,0,0,0,0,0,0,0,0,14018,4036,*05
Mon Feb 15 21:44:50 UTC 2021,$$CLIENT_1ZF,191020214,1,28.416443,77.078506,180322165522,A,21,50,57372,234,9,0.89,0,0,21,0,0,0,0,0,0,0,0,0,0,1,1,0,0,0,0,0,0,0,0,0,0,0,0,0,0,0,0,0,0,0,0,14018,4036,*05
Mon Feb 15 21:44:50 UTC 2021,$$CLIENT_1ZF,191020214,1,28.416445,77.078506,180322165522,A,21,50,57372,234,9,0.89,0,0,21,0,0,0,0,0,0,0,0,0,0,1,1,0,0,0,0,0,0,0,0,0,0,0,0,0,0,0,0,0,0,0,0,14018,4036,*05
Mon Feb 15 21:44:50 UTC 2021,$$CLIENT_1ZF,191020214,1,28.416451,77.078499,180322165522,A,21,60,57372,234,9,0.89,0,0,21,0,0,0,0,0,0,0,0,0,0,1,1,0,0,0,0,0,0,0,0,0,0,0,0,0,0,0,0,0,0,0,0,14018,4036,*05
Mon Feb 15 21:44:50 UTC 2021,$$CLIENT_1ZF,191020214,1,28.416462,77.078491,180322165522,A,21,50,57372,234,9,0.89,0,0,21,0,0,0,0,0,0,0,0,0,0,1,1,0,0,0,0,0,0,0,0,0,0,0,0,0,0,0,0,0,0,0,0,14018,4036,*05
Mon Feb 15 21:44:50 UTC 2021,$$CLIENT_1ZF,191020214,1,28.416462,77.078484,180322165522,A,21,50,57372,234,9,0.89,0,0,21,0,0,0,0,0,0,0,0,0,0,1,1,0,0,0,0,0,0,0,0,0,0,0,0,0,0,0,0,0,0,0,0,14018,4036,*05
Mon Feb 15 21:44:50 UTC 2021,$$CLIENT_1ZF,191020214,1,28.416464,77.078484,180322165522,A,21,60,57372,234,9,0.89,0,0,21,0,0,0,0,0,0,0,0,0,0,1,1,0,0,0,0,0,0,0,0,0,0,0,0,0,0,0,0,0,0,0,0,14018,4036,*05
Mon Feb 15 21:44:50 UTC 2021,$$CLIENT_1ZF,191020214,1,28.416462,77.078484,180322165522,A,21,50,57372,234,9,0.89,0,0,21,0,0,0,0,0,0,0,0,0,0,1,1,0,0,0,0,0,0,0,0,0,0,0,0,0,0,0,0,0,0,0,0,14018,4036,*05
Mon Feb 15 21:44:50 UTC 2021,$$CLIENT_1ZF,191020214,1,28.416462,77.078484,180322165522,A,21,50,57372,234,9,0.89,0,0,21,0,0,0,0,0,0,0,0,0,0,1,1,0,0,0,0,0,0,0,0,0,0,0,0,0,0,0,0,0,0,0,0,14018,4036,*05
Mon Feb 15 21:44:50 UTC 2021,$$CLIENT_1ZF,191020214,1,28.416462,77.078476,180322165522,A,21,50,57372,234,9,0.89,0,0,21,0,0,0,0,0,0,0,0,0,0,1,1,0,0,0,0,0,0,0,0,0,0,0,0,0,0,0,0,0,0,0,0,14018,4036,*05
Mon Feb 15 21:44:50 UTC 2021,$$CLIENT_1ZF,191020214,1,28.416466,77.078476,180322165522,A,21,50,57372,234,9,0.89,0,0,21,0,0,0,0,0,0,0,0,0,0,1,1,0,0,0,0,0,0,0,0,0,0,0,0,0,0,0,0,0,0,0,0,14018,4036,*05
Mon Feb 15 21:44:50 UTC 2021,$$CLIENT_1ZF,191020214,1,28.416466,77.078476,180322165522,A,21,50,57372,234,9,0.89,0,0,21,0,0,0,0,0,0,0,0,0,0,1,1,0,0,0,0,0,0,0,0,0,0,0,0,0,0,0,0,0,0,0,0,14018,4036,*05
Mon Feb 15 21:44:50 UTC 2021,$$CLIENT_1ZF,191020214,1,28.416464,77.078476,180322165522,A,21,60,57372,234,9,0.89,0,0,21,0,0,0,0,0,0,0,0,0,0,1,1,0,0,0,0,0,0,0,0,0,0,0,0,0,0,0,0,0,0,0,0,14018,4036,*05
Mon Feb 15 21:44:50 UTC 2021,$$CLIENT_1ZF,191020214,1,28.416468,77.078468,180322165522,A,21,50,57372,234,9,0.89,0,0,21,0,0,0,0,0,0,0,0,0,0,1,1,0,0,0,0,0,0,0,0,0,0,0,0,0,0,0,0,0,0,0,0,14018,4036,*05
Mon Feb 15 21:44:50 UTC 2021,$$CLIENT_1ZF,191020214,1,28.416508,77.07843,180322165522,A,21,50,57372,234,9,0.89,0,0,21,0,0,0,0,0,0,0,0,0,0,1,1,0,0,0,0,0,0,0,0,0,0,0,0,0,0,0,0,0,0,0,0,14018,4036,*05
Mon Feb 15 21:44:50 UTC 2021,$$CLIENT_1ZF,191020214,1,28.416744,77.078346,180322165522,A,21,50,57372,234,9,0.89,0,0,21,0,0,0,0,0,0,0,0,0,0,1,1,0,0,0,0,0,0,0,0,0,0,0,0,0,0,0,0,0,0,0,0,14018,4036,*05
Mon Feb 15 21:44:50 UTC 2021,$$CLIENT_1ZF,191020214,1,28.416916,77.078262,180322165522,A,21,60,57372,234,9,0.89,0,0,21,0,0,0,0,0,0,0,0,0,0,1,1,0,0,0,0,0,0,0,0,0,0,0,0,0,0,0,0,0,0,0,0,14018,4036,*05
Mon Feb 15 21:44:50 UTC 2021,$$CLIENT_1ZF,191020214,1,28.417057,77.078201,180322165522,A,21,50,57372,234,9,0.89,0,0,21,0,0,0,0,0,0,0,0,0,0,1,1,0,0,0,0,0,0,0,0,0,0,0,0,0,0,0,0,0,0,0,0,14018,4036,*05
Mon Feb 15 21:44:50 UTC 2021,$$CLIENT_1ZF,191020214,1,28.417212,77.078133,180322165522,A,21,50,57372,234,9,0.89,0,0,21,0,0,0,0,0,0,0,0,0,0,1,1,0,0,0,0,0,0,0,0,0,0,0,0,0,0,0,0,0,0,0,0,14018,4036,*05
Mon Feb 15 21:44:50 UTC 2021,$$CLIENT_1ZF,191020214,1,28.417339,77.078072,180322165522,A,21,50,57372,234,9,0.89,0,0,21,0,0,0,0,0,0,0,0,0,0,1,1,0,0,0,0,0,0,0,0,0,0,0,0,0,0,0,0,0,0,0,0,14018,4036,*05
Mon Feb 15 21:44:50 UTC 2021,$$CLIENT_1ZF,191020214,1,28.417559,77.077965,180322165522,A,21,60,57372,234,9,0.89,0,0,21,0,0,0,0,0,0,0,0,0,0,1,1,0,0,0,0,0,0,0,0,0,0,0,0,0,0,0,0,0,0,0,0,14018,4036,*05
Mon Feb 15 21:44:50 UTC 2021,$$CLIENT_1ZF,191020214,1,28.417696,77.077904,180322165522,A,21,50,57372,234,9,0.89,0,0,21,0,0,0,0,0,0,0,0,0,0,1,1,0,0,0,0,0,0,0,0,0,0,0,0,0,0,0,0,0,0,0,0,14018,4036,*05
Mon Feb 15 21:44:50 UTC 2021,$$CLIENT_1ZF,191020214,1,28.41783,77.077835,180322165522,A,21,50,57372,234,9,0.89,0,0,21,0,0,0,0,0,0,0,0,0,0,1,1,0,0,0,0,0,0,0,0,0,0,0,0,0,0,0,0,0,0,0,0,14018,4036,*05
Mon Feb 15 21:44:50 UTC 2021,$$CLIENT_1ZF,191020214,1,28.417938,77.077782,180322165522,A,21,50,57372,234,9,0.89,0,0,21,0,0,0,0,0,0,0,0,0,0,1,1,0,0,0,0,0,0,0,0,0,0,0,0,0,0,0,0,0,0,0,0,14018,4036,*05
Mon Feb 15 21:44:50 UTC 2021,$$CLIENT_1ZF,191020214,1,28.418097,77.077705,180322165522,A,21,60,57372,234,9,0.89,0,0,21,0,0,0,0,0,0,0,0,0,0,1,1,0,0,0,0,0,0,0,0,0,0,0,0,0,0,0,0,0,0,0,0,14018,4036,*05
Mon Feb 15 21:44:50 UTC 2021,$$CLIENT_1ZF,191020214,1,28.418314,77.077606,180322165522,A,21,50,57372,234,9,0.89,0,0,21,0,0,0,0,0,0,0,0,0,0,1,1,0,0,0,0,0,0,0,0,0,0,0,0,0,0,0,0,0,0,0,0,14018,4036,*05
Mon Feb 15 21:44:50 UTC 2021,$$CLIENT_1ZF,191020214,1,28.418434,77.077499,180322165522,A,21,50,57372,234,9,0.89,0,0,21,0,0,0,0,0,0,0,0,0,0,1,1,0,0,0,0,0,0,0,0,0,0,0,0,0,0,0,0,0,0,0,0,14018,4036,*05
Mon Feb 15 21:44:50 UTC 2021,$$CLIENT_1ZF,191020214,1,28.418461,77.077339,180322165522,A,21,50,57372,234,9,0.89,0,0,21,0,0,0,0,0,0,0,0,0,0,1,1,0,0,0,0,0,0,0,0,0,0,0,0,0,0,0,0,0,0,0,0,14018,4036,*05
Mon Feb 15 21:44:50 UTC 2021,$$CLIENT_1ZF,191020214,1,28.418653,77.077255,180322165522,A,21,60,57372,234,9,0.89,0,0,21,0,0,0,0,0,0,0,0,0,0,1,1,0,0,0,0,0,0,0,0,0,0,0,0,0,0,0,0,0,0,0,0,14018,4036,*05
Mon Feb 15 21:44:50 UTC 2021,$$CLIENT_1ZF,191020214,1,28.418657,77.077255,180322165522,A,21,50,57372,234,9,0.89,0,0,21,0,0,0,0,0,0,0,0,0,0,1,1,0,0,0,0,0,0,0,0,0,0,0,0,0,0,0,0,0,0,0,0,14018,4036,*05
Mon Feb 15 21:44:50 UTC 2021,$$CLIENT_1ZF,191020214,1,28.418663,77.077263,180322165522,A,21,50,57372,234,9,0.89,0,0,21,0,0,0,0,0,0,0,0,0,0,1,1,0,0,0,0,0,0,0,0,0,0,0,0,0,0,0,0,0,0,0,0,14018,4036,*05
Mon Feb 15 21:44:50 UTC 2021,$$CLIENT_1ZF,191020214,1,28.418674,77.07724,180322165522,A,21,50,57372,234,9,0.89,0,0,21,0,0,0,0,0,0,0,0,0,0,1,1,0,0,0,0,0,0,0,0,0,0,0,0,0,0,0,0,0,0,0,0,14018,4036,*05
Mon Feb 15 21:44:50 UTC 2021,$$CLIENT_1ZF,191020214,1,28.418663,77.077248,180322165522,A,21,60,57372,234,9,0.89,0,0,21,0,0,0,0,0,0,0,0,0,0,1,1,0,0,0,0,0,0,0,0,0,0,0,0,0,0,0,0,0,0,0,0,14018,4036,*05
Mon Feb 15 21:44:50 UTC 2021,$$CLIENT_1ZF,191020214,1,28.418652,77.077263,180322165522,A,21,50,57372,234,9,0.89,0,0,21,0,0,0,0,0,0,0,0,0,0,1,1,0,0,0,0,0,0,0,0,0,0,0,0,0,0,0,0,0,0,0,0,14018,4036,*05
Mon Feb 15 21:44:50 UTC 2021,$$CLIENT_1ZF,191020214,1,28.418671,77.077278,180322165522,A,21,50,57372,234,9,0.89,0,0,21,0,0,0,0,0,0,0,0,0,0,1,1,0,0,0,0,0,0,0,0,0,0,0,0,0,0,0,0,0,0,0,0,14018,4036,*05
Mon Feb 15 21:44:50 UTC 2021,$$CLIENT_1ZF,191020214,1,28.418671,77.077255,180322165522,A,21,50,57372,234,9,0.89,0,0,21,0,0,0,0,0,0,0,0,0,0,1,1,0,0,0,0,0,0,0,0,0,0,0,0,0,0,0,0,0,0,0,0,14018,4036,*05
Mon Feb 15 21:44:50 UTC 2021,$$CLIENT_1ZF,191020214,1,28.418674,77.07724,180322165522,A,21,50,57372,234,9,0.89,0,0,21,0,0,0,0,0,0,0,0,0,0,1,1,0,0,0,0,0,0,0,0,0,0,0,0,0,0,0,0,0,0,0,0,14018,4036,*05
Mon Feb 15 21:44:50 UTC 2021,$$CLIENT_1ZF,191020214,1,28.418909,77.077133,180322165522,A,21,60,57372,234,9,0.89,0,0,21,0,0,0,0,0,0,0,0,0,0,1,1,0,0,0,0,0,0,0,0,0,0,0,0,0,0,0,0,0,0,0,0,14018,4036,*05
Mon Feb 15 21:44:50 UTC 2021,$$CLIENT_1ZF,191020214,1,28.419308,77.076942,180322165522,A,21,50,57372,234,9,0.89,0,0,21,0,0,0,0,0,0,0,0,0,0,1,1,0,0,0,0,0,0,0,0,0,0,0,0,0,0,0,0,0,0,0,0,14018,4036,*05
Mon Feb 15 21:44:50 UTC 2021,$$CLIENT_1ZF,191020214,1,28.419691,77.076759,180322165522,A,21,50,57372,234,9,0.89,0,0,21,0,0,0,0,0,0,0,0,0,0,1,1,0,0,0,0,0,0,0,0,0,0,0,0,0,0,0,0,0,0,0,0,14018,4036,*05
Mon Feb 15 21:44:50 UTC 2021,$$CLIENT_1ZF,191020214,1,28.419825,77.076836,180322165522,A,21,50,57372,234,9,0.89,0,0,21,0,0,0,0,0,0,0,0,0,0,1,1,0,0,0,0,0,0,0,0,0,0,0,0,0,0,0,0,0,0,0,0,14018,4036,*05
Mon Feb 15 21:44:50 UTC 2021,$$CLIENT_1ZF,191020214,1,28.419666,77.077019,180322165522,A,21,50,57372,234,9,0.89,0,0,21,0,0,0,0,0,0,0,0,0,0,1,1,0,0,0,0,0,0,0,0,0,0,0,0,0,0,0,0,0,0,0,0,14018,4036,*05
Mon Feb 15 21:44:50 UTC 2021,$$CLIENT_1ZF,191020214,1,28.419155,77.077248,180322165522,A,21,60,57372,234,9,0.89,0,0,21,0,0,0,0,0,0,0,0,0,0,1,1,0,0,0,0,0,0,0,0,0,0,0,0,0,0,0,0,0,0,0,0,14018,4036,*05
Mon Feb 15 21:44:50 UTC 2021,$$CLIENT_1ZF,191020214,1,28.418354,77.077621,180322165522,A,21,50,57372,234,9,0.89,0,0,21,0,0,0,0,0,0,0,0,0,0,1,1,0,0,0,0,0,0,0,0,0,0,0,0,0,0,0,0,0,0,0,0,14018,4036,*05
Mon Feb 15 21:44:50 UTC 2021,$$CLIENT_1ZF,191020214,1,28.417347,77.07811,180322165522,A,21,50,57372,234,9,0.89,0,0,21,0,0,0,0,0,0,0,0,0,0,1,1,0,0,0,0,0,0,0,0,0,0,0,0,0,0,0,0,0,0,0,0,14018,4036,*05
Mon Feb 15 21:44:50 UTC 2021,$$CLIENT_1ZF,191020214,1,28.416403,77.07856,180322165522,A,21,50,57372,234,9,0.89,0,0,21,0,0,0,0,0,0,0,0,0,0,1,1,0,0,0,0,0,0,0,0,0,0,0,0,0,0,0,0,0,0,0,0,14018,4036,*05
Mon Feb 15 21:44:50 UTC 2021,$$CLIENT_1ZF,191020214,1,28.415751,77.078903,180322165522,A,21,50,57372,234,9,0.89,0,0,21,0,0,0,0,0,0,0,0,0,0,1,1,0,0,0,0,0,0,0,0,0,0,0,0,0,0,0,0,0,0,0,0,14018,4036,*05
Mon Feb 15 21:44:50 UTC 2021,$$CLIENT_1ZF,191020214,1,28.415644,77.078957,180322165522,A,21,60,57372,234,9,0.89,0,0,21,0,0,0,0,0,0,0,0,0,0,1,1,0,0,0,0,0,0,0,0,0,0,0,0,0,0,0,0,0,0,0,0,14018,4036,*05
Mon Feb 15 21:44:50 UTC 2021,$$CLIENT_1ZF,191020214,1,28.415609,77.078972,180322165522,A,21,50,57372,234,9,0.89,0,0,21,0,0,0,0,0,0,0,0,0,0,1,1,0,0,0,0,0,0,0,0,0,0,0,0,0,0,0,0,0,0,0,0,14018,4036,*05
Mon Feb 15 21:44:50 UTC 2021,$$CLIENT_1ZF,191020214,1,28.415607,77.078964,180322165522,A,21,50,57372,234,9,0.89,0,0,21,0,0,0,0,0,0,0,0,0,0,1,1,0,0,0,0,0,0,0,0,0,0,0,0,0,0,0,0,0,0,0,0,14018,4036,*05
Mon Feb 15 21:44:50 UTC 2021,$$CLIENT_1ZF,191020214,1,28.415594,77.078972,180322165522,A,21,60,57372,234,9,0.89,0,0,21,0,0,0,0,0,0,0,0,0,0,1,1,0,0,0,0,0,0,0,0,0,0,0,0,0,0,0,0,0,0,0,0,14018,4036,*05